# Oscilloscope Data

# Seconds	force_sensor_R.filtered_adc
0.000	33092
0.011	33092
0.020	33091
0.030	33092
0.040	33091
0.050	33094
0.060	33091
0.070	33088
0.080	33092
0.090	33092
0.100	33091
0.110	33092
0.120	33092
0.130	33092
0.140	33091
0.150	33091
0.160	33092
0.170	33094
0.180	33093
0.190	33093
0.200	33091
0.210	33091
0.220	33090
0.230	33091
0.240	33094
0.250	33089
0.260	33091
0.270	33092
0.280	33092
0.290	33089
0.300	33092
0.317	33092
0.321	33094
0.330	33092
0.340	33088
0.350	33092
0.360	33090
0.370	33090
0.380	33093
0.394	33090
0.401	33093
0.410	33091
0.420	33093
0.430	33092
0.440	33090
0.451	33090
0.460	33090
0.470	33090
0.480	33092
0.490	33090
0.500	33092
0.510	33091
0.523	33090
0.530	33089
0.540	33091
0.550	33091
0.560	33091
0.570	33093
0.580	33092
0.590	33092
0.600	33093
0.610	33090
0.620	33091
0.630	33090
0.640	33094
0.651	33092
0.660	33094
0.670	33093
0.680	33093
0.690	33089
0.700	33089
0.710	33092
0.720	33093
0.730	33090
0.740	33090
0.750	33091
0.760	33090
0.770	33091
0.780	33091
0.790	33091
0.800	33091
0.810	33093
0.820	33090
0.830	33093
0.840	33093
0.850	33093
0.860	33091
0.870	33090
0.880	33093
0.893	33092
0.927	33092
0.935	33093
0.940	33096
0.950	33091
0.960	33091
0.970	33092
0.980	33091
0.990	33092
1.000	33093
1.010	33091
1.020	33091
1.030	33089
1.040	33090
1.050	33094
1.060	33091
1.070	33089
1.080	33093
1.090	33091
1.100	33090
1.111	33092
1.120	33090
1.133	33093
1.147	33093
1.152	33091
1.160	33090
1.170	33091
1.180	33092
1.190	33091
1.200	33094
1.210	33096
1.220	33092
1.230	33091
1.240	33093
1.250	33094
1.260	33091
1.270	33090
1.280	33091
1.290	33092
1.300	33093
1.310	33092
1.320	33090
1.330	33093
1.340	33092
1.350	33093
1.360	33089
1.370	33092
1.380	33092
1.390	33092
1.400	33091
1.410	33095
1.420	33093
1.430	33093
1.440	33094
1.450	33091
1.460	33092
1.470	33092
1.480	33090
1.493	33090
1.503	33091
1.510	33090
1.520	33091
1.530	33091
1.540	33090
1.550	33092
1.560	33092
1.570	33089
1.580	33090
1.590	33090
1.601	33091
1.610	33094
1.620	33092
1.630	33093
1.640	33091
1.650	33091
1.660	33092
1.670	33090
1.680	33093
1.690	33091
1.701	33090
1.712	33090
1.721	33089
1.731	33091
1.742	33091
1.751	33089
1.760	33091
1.770	33091
1.781	33090
1.790	33092
1.800	33092
1.810	33092
1.820	33090
1.830	33091
1.840	33089
1.850	33090
1.860	33091
1.870	33092
1.880	33090
1.890	33090
1.900	33089
1.910	33095
1.920	33088
1.930	33092
1.940	33091
1.950	33091
1.960	33091
1.970	33090
1.980	33090
1.990	33095
2.000	33091
2.010	33090
2.020	33091
2.030	33092
2.040	33089
2.050	33092
2.060	33092
2.070	33091
2.080	33092
2.090	33092
2.100	33091
2.111	33093
2.120	33091
2.130	33092
2.140	33092
2.150	33092
2.160	33093
2.170	33091
2.180	33092
2.190	33092
2.200	33091
2.210	33088
2.220	33093
2.230	33092
2.240	33092
2.250	33091
2.260	33092
2.270	33091
2.280	33089
2.290	33089
2.300	33091
2.310	33093
2.323	33090
2.331	33093
2.340	33091
2.350	33092
2.360	33091
2.370	33092
2.380	33089
2.390	33089
2.400	33092
2.410	33090
2.420	33091
2.430	33091
2.440	33090
2.450	33093
2.460	33092
2.470	33091
2.480	33092
2.490	33091
2.500	33092
2.510	33092
2.520	33089
2.530	33087
2.540	33091
2.550	33092
2.560	33092
2.570	33092
2.580	33091
2.590	33091
2.601	33090
2.610	33089
2.620	33092
2.630	33091
2.640	33093
2.650	33090
2.660	33091
2.670	33092
2.680	33091
2.690	33090
2.700	33088
2.710	33091
2.720	33092
2.730	33091
2.740	33092
2.750	33089
2.760	33089
2.770	33092
2.780	33093
2.790	33094
2.800	33093
2.810	33091
2.820	33094
2.834	33094
2.850	33092
2.860	33094
2.870	33090
2.880	33089
2.890	33093
2.902	33090
2.910	33091
2.920	33093
2.930	33095
2.940	33093
2.956	33092
2.960	33089
2.970	33094
2.980	33095
2.990	33092
3.000	33092
3.010	33091
3.020	33091
3.030	33091
3.040	33090
3.050	33093
3.060	33090
3.070	33089
3.080	33091
3.090	33092
3.100	33090
3.110	33093
3.120	33093
3.130	33091
3.140	33092
3.150	33092
3.160	33091
3.170	33093
3.180	33093
3.190	33093
3.202	33092
3.210	33095
3.220	33093
3.230	33093
3.240	33092
3.250	33093
3.260	33094
3.271	33094
3.280	33093
3.290	33092
3.301	33095
3.310	33093
3.320	33095
3.330	33092
3.340	33092
3.350	33092
3.360	33089
3.370	33090
3.380	33092
3.390	33091
3.400	33094
3.410	33093
3.420	33091
3.430	33093
3.440	33094
3.450	33092
3.460	33091
3.470	33088
3.480	33090
3.490	33090
3.500	33092
3.510	33091
3.520	33091
3.530	33091
3.540	33094
3.550	33093
3.560	33092
3.570	33091
3.580	33091
3.590	33091
3.600	33091
3.610	33091
3.620	33091
3.630	33090
3.640	33092
3.650	33093
3.660	33091
3.670	33091
3.680	33089
3.690	33092
3.700	33090
3.710	33090
3.720	33094
3.730	33095
3.740	33094
3.750	33092
3.760	33092
3.770	33091
3.780	33093
3.790	33095
3.800	33093
3.810	33093
3.820	33093
3.830	33092
3.840	33090
3.850	33093
3.860	33092
3.870	33091
3.880	33092
3.890	33090
3.900	33088
3.910	33091
3.920	33091
3.930	33092
3.940	33091
3.950	33094
3.960	33091
3.970	33090
3.980	33091
3.990	33091
4.000	33093
4.010	33090
4.020	33093
4.030	33091
4.040	33092
4.050	33090
4.060	33093
4.070	33092
4.080	33093
4.092	33092
4.100	33091
4.110	33093
4.120	33090
4.130	33092
4.140	33092
4.150	33093
4.160	33093
4.170	33092
4.180	33091
4.190	33093
4.200	33090
4.210	33091
4.220	33088
4.230	33093
4.240	33090
4.250	33090
4.260	33094
4.270	33089
4.280	33088
4.290	33092
4.300	33093
4.311	33090
4.320	33088
4.330	33091
4.340	33089
4.350	33091
4.360	33092
4.370	33091
4.380	33092
4.390	33092
4.401	33089
4.410	33091
4.420	33093
4.430	33090
4.440	33093
4.450	33093
4.460	33091
4.470	33091
4.480	33092
4.490	33090
4.500	33091
4.510	33091
4.520	33090
4.530	33090
4.540	33092
4.550	33090
4.560	33091
4.570	33091
4.580	33092
4.590	33092
4.600	33091
4.610	33091
4.620	33091
4.630	33089
4.640	33092
4.650	33091
4.660	33093
4.670	33091
4.680	33089
4.690	33090
4.700	33091
4.710	33092
4.720	33089
4.730	33093
4.740	33091
4.750	33093
4.760	33091
4.770	33092
4.780	33093
4.790	33092
4.800	33093
4.810	33095
4.820	33091
4.830	33089
4.840	33090
4.850	33093
4.860	33092
4.870	33093
4.880	33091
4.890	33090
4.907	33091
4.912	33092
4.920	33093
4.930	33091
4.940	33090
4.950	33094
4.960	33094
4.970	33090
4.980	33093
4.990	33092
5.000	33091
5.010	33091
5.020	33091
5.030	33091
5.040	33091
5.050	33091
5.060	33092
5.070	33092
5.080	33090
5.090	33090
5.100	33091
5.110	33089
5.120	33092
5.130	33090
5.140	33090
5.150	33093
5.160	33092
5.170	33089
5.180	33092
5.190	33091
5.200	33092
5.210	33088
5.220	33089
5.230	33091
5.240	33092
5.250	33092
5.260	33091
5.270	33092
5.280	33092
5.290	33091
5.300	33092
5.310	33091
5.320	33088
5.330	33089
5.340	33091
5.350	33090
5.360	33091
5.370	33090
5.380	33092
5.390	33092
5.400	33091
5.410	33089
5.420	33091
5.430	33091
5.440	33093
5.450	33091
5.460	33093
5.470	33091
5.480	33090
5.490	33091
5.500	33092
5.510	33092
5.520	33091
5.530	33092
5.540	33091
5.550	33092
5.560	33091
5.570	33093
5.580	33093
5.590	33094
5.600	33091
5.610	33092
5.620	33089
5.630	33091
5.640	33090
5.650	33091
5.660	33091
5.670	33091
5.680	33091
5.690	33093
5.700	33093
5.710	33091
5.726	33091
5.730	33090
5.740	33094
5.750	33092
5.760	33090
5.770	33092
5.780	33091
5.790	33093
5.800	33092
5.811	33088
5.820	33089
5.830	33093
5.840	33089
5.850	33093
5.860	33092
5.870	33091
5.880	33090
5.890	33090
5.900	33092
5.910	33093
5.920	33092
5.930	33093
5.940	33092
5.950	33092
5.960	33090
5.970	33092
5.980	33094
5.990	33094
6.000	33091
6.010	33093
6.020	33093
6.030	33090
6.040	33091
6.050	33093
6.060	33090
6.070	33094
6.080	33090
6.090	33090
6.100	33089
6.110	33094
6.120	33094
6.130	33090
6.140	33091
6.150	33093
6.160	33092
6.170	33094
6.180	33093
6.190	33091
6.200	33092
6.210	33093
6.220	33091
6.230	33091
6.240	33091
6.250	33091
6.260	33091
6.272	33091
6.280	33091
6.290	33090
6.300	33089
6.311	33089
6.320	33089
6.330	33092
6.340	33090
6.350	33091
6.360	33092
6.370	33090
6.380	33090
6.390	33092
6.400	33092
6.410	33091
6.420	33091
6.431	33093
6.440	33089
6.450	33091
6.460	33092
6.470	33091
6.480	33090
6.490	33091
6.500	33092
6.510	33091
6.520	33092
6.530	33091
6.540	33089
6.550	33090
6.560	33091
6.570	33091
6.580	33090
6.590	33088
6.601	33092
6.610	33091
6.620	33090
6.630	33090
6.640	33091
6.650	33092
6.660	33090
6.670	33093
6.680	33089
6.690	33093
6.700	33090
6.710	33093
6.720	33092
6.730	33091
6.740	33091
6.750	33091
6.760	33093
6.770	33091
6.780	33090
6.790	33093
6.800	33091
6.810	33091
6.820	33089
6.830	33091
6.840	33090
6.850	33089
6.860	33091
6.870	33091
6.880	33092
6.890	33092
6.900	33091
6.910	33092
6.920	33092
6.930	33090
6.940	33088
6.950	33092
6.960	33092
6.970	33093
6.980	33092
6.990	33089
7.000	33091
7.010	33090
7.020	33089
7.030	33091
7.040	33092
7.050	33090
7.060	33091
7.073	33091
7.080	33091
7.090	33091
7.100	33092
7.110	33093
7.120	33092
7.130	33091
7.140	33091
7.150	33090
7.160	33090
7.170	33091
7.180	33090
7.190	33089
7.200	33090
7.210	33090
7.220	33089
7.230	33091
7.240	33091
7.250	33091
7.260	33092
7.270	33090
7.280	33091
7.290	33092
7.301	33092
7.310	33089
7.320	33089
7.330	33090
7.340	33090
7.350	33088
7.360	33091
7.370	33088
7.380	33093
7.390	33090
7.400	33089
7.410	33090
7.420	33090
7.430	33090
7.440	33090
7.450	33093
7.460	33092
7.470	33091
7.480	33091
7.490	33088
7.500	33091
7.510	33090
7.520	33091
7.530	33093
7.540	33089
7.550	33091
7.560	33094
7.570	33092
7.580	33092
7.590	33091
7.600	33091
7.615	33092
7.624	33093
7.630	33091
7.640	33089
7.650	33092
7.660	33089
7.670	33090
7.680	33090
7.690	33093
7.700	33091
7.710	33090
7.720	33089
7.730	33090
7.740	33090
7.750	33091
7.760	33092
7.770	33089
7.780	33093
7.790	33092
7.800	33091
7.810	33092
7.820	33092
7.830	33090
7.840	33091
7.850	33092
7.860	33091
7.870	33094
7.880	33090
7.890	33093
7.900	33091
7.910	33092
7.920	33091
7.930	33090
7.940	33091
7.950	33091
7.960	33092
7.970	33092
7.980	33090
7.990	33090
8.000	33093
8.010	33092
8.020	33090
8.030	33091
8.040	33091
8.050	33092
8.060	33094
8.070	33093
8.080	33092
8.090	33091
8.100	33092
8.110	33089
8.120	33089
8.130	33093
8.140	33089
8.150	33092
8.160	33091
8.170	33091
8.180	33089
8.190	33090
8.200	33089
8.210	33090
8.220	33091
8.230	33091
8.240	33091
8.250	33092
8.260	33095
8.270	33092
8.280	33090
8.290	33090
8.300	33089
8.310	33089
8.320	33090
8.330	33091
8.340	33091
8.350	33093
8.360	33089
8.370	33093
8.380	33091
8.390	33092
8.400	33092
8.410	33091
8.420	33088
8.430	33090
8.440	33092
8.450	33091
8.460	33091
8.470	33090
8.480	33092
8.490	33090
8.500	33090
8.510	33091
8.520	33089
8.530	33092
8.540	33091
8.550	33090
8.563	33090
8.570	33089
8.580	33090
8.590	33090
8.600	33094
8.610	33092
8.620	33092
8.630	33091
8.640	33090
8.650	33089
8.660	33089
8.670	33090
8.680	33089
8.690	33088
8.700	33091
8.710	33090
8.720	33090
8.730	33089
8.740	33089
8.750	33091
8.760	33091
8.770	33089
8.780	33092
8.790	33090
8.800	33090
8.810	33091
8.820	33090
8.830	33091
8.840	33091
8.850	33090
8.860	33088
8.870	33091
8.880	33091
8.890	33092
8.900	33091
8.910	33091
8.920	33091
8.930	33088
8.940	33091
8.950	33092
8.960	33090
8.970	33088
8.980	33090
8.990	33090
9.000	33090
9.010	33087
9.020	33092
9.030	33089
9.040	33090
9.050	33090
9.060	33090
9.070	33089
9.080	33090
9.090	33092
9.100	33093
9.110	33089
9.120	33092
9.130	33091
9.140	33089
9.150	33091
9.160	33089
9.170	33091
9.180	33091
9.190	33091
9.200	33091
9.210	33092
9.220	33091
9.230	33089
9.240	33091
9.250	33090
9.260	33091
9.270	33087
9.280	33089
9.290	33090
9.300	33093
9.310	33090
9.320	33090
9.330	33090
9.340	33090
9.350	33089
9.360	33092
9.370	33092
9.380	33089
9.390	33091
9.400	33089
9.410	33090
9.420	33090
9.430	33090
9.440	33091
9.450	33090
9.460	33090
9.470	33089
9.480	33092
9.490	33091
9.500	33092
9.510	33089
9.520	33092
9.530	33092
9.540	33090
9.550	33090
9.560	33090
9.570	33089
9.580	33091
9.590	33090
9.600	33092
9.610	33089
9.620	33088
9.630	33089
9.640	33091
9.650	33089
9.660	33091
9.670	33088
9.680	33089
9.693	33091
9.702	33091
9.710	33094
9.720	33091
9.730	33092
9.740	33089
9.750	33090
9.760	33091
9.770	33088
9.780	33091
9.790	33089
9.804	33091
9.810	33092
9.820	33093
9.830	33092
9.840	33092
9.850	33091
9.860	33092
9.870	33092
9.880	33091
9.890	33092
9.900	33090
9.910	33091
9.920	33092
9.930	33090
9.940	33090
9.950	33090
9.960	33091
9.970	33092
9.980	33090
9.990	33092
10.000	33091
10.010	33091
10.020	33089
10.030	33091
10.040	33091
10.050	33094
10.060	33090
10.070	33091
10.080	33091
10.090	33091
10.100	33092
10.110	33092
10.120	33089
10.130	33088
10.140	33088
10.150	33090
10.160	33091
10.170	33094
10.180	33093
10.190	33090
10.200	33090
10.210	33089
10.220	33089
10.230	33089
10.240	33091
10.250	33088
10.260	33088
10.270	33090
10.280	33091
10.290	33090
10.300	33089
10.310	33090
10.320	33089
10.330	33089
10.340	33088
10.350	33089
10.360	33089
10.370	33091
10.380	33089
10.390	33092
10.400	33091
10.410	33090
10.420	33091
10.430	33091
10.440	33091
10.450	33088
10.460	33091
10.470	33092
10.480	33091
10.490	33092
10.500	33089
10.510	33090
10.520	33090
10.530	33092
10.540	33089
10.550	33091
10.561	33089
10.570	33089
10.580	33092
10.590	33091
10.600	33092
10.610	33090
10.620	33089
10.630	33089
10.640	33087
10.650	33092
10.660	33091
10.670	33091
10.680	33089
10.690	33091
10.700	33091
10.710	33091
10.720	33091
10.730	33090
10.740	33087
10.750	33090
10.760	33089
10.770	33092
10.780	33090
10.790	33092
10.800	33091
10.810	33091
10.820	33090
10.830	33091
10.840	33090
10.850	33091
10.860	33090
10.870	33090
10.880	33090
10.890	33091
10.900	33090
10.910	33093
10.920	33092
10.930	33092
10.940	33091
10.950	33092
10.961	33091
10.970	33091
10.980	33090
10.990	33089
11.000	33088
11.010	33090
11.020	33093
11.030	33093
11.040	33091
11.050	33090
11.060	33091
11.070	33090
11.080	33093
11.090	33091
11.100	33088
11.110	33091
11.120	33090
11.130	33091
11.140	33090
11.150	33089
11.160	33088
11.170	33092
11.180	33092
11.190	33090
11.200	33090
11.210	33088
11.220	33089
11.230	33090
11.240	33089
11.250	33092
11.260	33089
11.270	33089
11.280	33093
11.290	33091
11.300	33091
11.310	33092
11.320	33094
11.330	33090
11.340	33091
11.350	33091
11.360	33089
11.371	33090
11.380	33091
11.390	33091
11.400	33090
11.410	33089
11.420	33092
11.431	33092
11.440	33090
11.450	33090
11.460	33090
11.472	33090
11.480	33093
11.490	33089
11.500	33091
11.510	33090
11.520	33092
11.530	33093
11.540	33092
11.550	33090
11.560	33091
11.570	33089
11.580	33089
11.590	33090
11.600	33089
11.610	33089
11.620	33092
11.630	33088
11.640	33090
11.651	33089
11.660	33090
11.670	33090
11.680	33089
11.690	33089
11.700	33092
11.710	33090
11.720	33090
11.730	33092
11.740	33088
11.750	33091
11.760	33090
11.770	33090
11.780	33088
11.790	33091
11.800	33088
11.810	33090
11.820	33091
11.830	33088
11.840	33089
11.850	33092
11.860	33090
11.870	33090
11.880	33091
11.890	33087
11.900	33092
11.910	33092
11.920	33088
11.930	33089
11.940	33090
11.950	33089
11.960	33088
11.970	33088
11.980	33089
11.990	33091
12.000	33090
12.010	33091
12.020	33091
12.030	33091
12.040	33092
12.050	33090
12.060	33089
12.070	33092
12.080	33089
12.090	33089
12.100	33088
12.110	33088
12.120	33088
12.130	33091
12.140	33086
12.150	33090
12.160	33090
12.170	33088
12.180	33090
12.190	33092
12.200	33090
12.210	33090
12.220	33091
12.230	33091
12.240	33089
12.250	33090
12.260	33091
12.270	33089
12.280	33091
12.290	33091
12.300	33089
12.310	33090
12.320	33091
12.330	33091
12.340	33089
12.350	33088
12.360	33090
12.370	33089
12.380	33091
12.390	33089
12.400	33089
12.410	33090
12.420	33090
12.430	33092
12.440	33093
12.450	33092
12.460	33090
12.471	33092
12.480	33090
12.490	33088
12.500	33089
12.510	33090
12.520	33091
12.530	33091
12.540	33090
12.550	33093
12.560	33091
12.570	33091
12.580	33089
12.590	33091
12.600	33091
12.610	33089
12.620	33091
12.630	33091
12.640	33092
12.650	33089
12.660	33090
12.670	33090
12.680	33092
12.690	33091
12.700	33091
12.710	33090
12.720	33090
12.730	33090
12.740	33092
12.750	33091
12.760	33088
12.770	33091
12.780	33090
12.790	33090
12.800	33090
12.810	33092
12.820	33091
12.830	33092
12.840	33090
12.850	33088
12.867	33089
12.872	33091
12.886	33090
12.890	33090
12.900	33088
12.910	33090
12.920	33089
12.930	33089
12.940	33088
12.950	33091
12.960	33090
12.970	33090
12.980	33092
12.990	33087
13.000	33091
13.010	33088
13.020	33088
13.030	33089
13.040	33090
13.050	33089
13.060	33089
13.070	33092
13.080	33091
13.090	33092
13.100	33088
13.110	33092
13.120	33090
13.130	33090
13.140	33090
13.150	33091
13.160	33091
13.170	33089
13.180	33089
13.190	33088
13.200	33089
13.210	33091
13.220	33090
13.233	33090
13.240	33092
13.250	33090
13.260	33090
13.270	33091
13.280	33091
13.290	33091
13.300	33089
13.310	33089
13.320	33090
13.330	33089
13.340	33091
13.352	33086
13.360	33091
13.370	33089
13.380	33089
13.392	33090
13.400	33092
13.410	33090
13.420	33091
13.430	33089
13.440	33088
13.450	33090
13.460	33091
13.470	33092
13.483	33092
13.490	33091
13.500	33092
13.510	33092
13.520	33091
13.530	33092
13.540	33089
13.550	33090
13.560	33092
13.570	33091
13.580	33092
13.590	33092
13.600	33091
13.610	33091
13.620	33088
13.630	33090
13.640	33090
13.650	33089
13.660	33090
13.670	33090
13.680	33091
13.690	33089
13.700	33093
13.710	33092
13.720	33090
13.730	33092
13.740	33090
13.750	33089
13.760	33090
13.770	33090
13.780	33089
13.790	33090
13.800	33090
13.810	33091
13.820	33091
13.830	33088
13.840	33089
13.850	33088
13.860	33090
13.870	33090
13.880	33092
13.890	33091
13.900	33089
13.910	33090
13.920	33091
13.930	33092
13.940	33091
13.950	33090
13.960	33091
13.970	33094
13.980	33089
13.990	33090
14.000	33087
14.010	33089
14.020	33088
14.030	33091
14.040	33090
14.050	33091
14.060	33088
14.070	33088
14.080	33090
14.090	33090
14.100	33092
14.110	33089
14.122	33090
14.130	33092
14.140	33090
14.150	33091
14.160	33090
14.170	33089
14.180	33087
14.190	33091
14.201	33088
14.210	33091
14.220	33091
14.230	33091
14.240	33089
14.250	33091
14.260	33092
14.270	33092
14.280	33092
14.290	33091
14.300	33091
14.310	33091
14.320	33094
14.330	33093
14.340	33090
14.350	33088
14.360	33092
14.370	33089
14.380	33090
14.390	33090
14.400	33088
14.417	33092
14.424	33089
14.430	33089
14.440	33089
14.450	33092
14.460	33090
14.470	33089
14.480	33090
14.490	33089
14.500	33089
14.510	33090
14.520	33091
14.530	33090
14.551	33093
14.561	33091
14.570	33092
14.580	33092
14.590	33092
14.600	33093
14.610	33089
14.620	33089
14.630	33090
14.640	33092
14.650	33090
14.660	33091
14.670	33093
14.680	33091
14.690	33089
14.700	33090
14.710	33091
14.720	33091
14.730	33092
14.740	33090
14.750	33092
14.760	33090
14.770	33089
14.780	33089
14.790	33091
14.801	33090
14.810	33090
14.820	33093
14.830	33091
14.840	33092
14.850	33091
14.860	33091
14.870	33091
14.880	33090
14.890	33088
14.900	33091
14.910	33091
14.920	33090
14.930	33090
14.940	33089
14.957	33088
14.960	33090
14.970	33090
14.980	33088
14.990	33092
15.000	33091
15.010	33093
15.020	33092
15.030	33090
15.040	33091
15.050	33091
15.060	33091
15.070	33088
15.080	33087
15.090	33092
15.100	33089
15.110	33093
15.120	33092
15.130	33091
15.140	33094
15.150	33093
15.160	33089
15.170	33090
15.180	33091
15.190	33090
15.200	33091
15.210	33092
15.220	33093
15.230	33090
15.240	33092
15.250	33091
15.260	33089
15.270	33089
15.280	33089
15.290	33092
15.300	33090
15.310	33091
15.320	33089
15.330	33090
15.340	33090
15.350	33093
15.360	33092
15.370	33091
15.380	33093
15.390	33089
15.400	33090
15.410	33090
15.420	33092
15.430	33090
15.440	33090
15.450	33090
15.460	33091
15.470	33089
15.480	33091
15.490	33091
15.500	33090
15.510	33089
15.520	33092
15.530	33092
15.540	33092
15.550	33093
15.560	33088
15.570	33088
15.580	33092
15.590	33089
15.600	33092
15.610	33091
15.620	33090
15.630	33090
15.640	33091
15.650	33090
15.660	33091
15.670	33092
15.680	33093
15.690	33089
15.700	33089
15.710	33092
15.720	33090
15.730	33092
15.740	33093
15.750	33090
15.760	33093
15.770	33091
15.780	33090
15.790	33092
15.800	33090
15.810	33091
15.820	33091
15.830	33092
15.840	33091
15.850	33091
15.860	33091
15.870	33092
15.880	33092
15.890	33090
15.900	33093
15.910	33091
15.920	33092
15.930	33092
15.940	33093
15.950	33092
15.960	33092
15.970	33091
15.984	33094
15.990	33092
16.000	33091
16.010	33092
16.020	33093
16.030	33090
16.040	33091
16.050	33092
16.060	33090
16.070	33092
16.080	33091
16.090	33092
16.100	33091
16.110	33089
16.120	33092
16.130	33090
16.140	33089
16.150	33089
16.160	33090
16.170	33091
16.180	33092
16.190	33093
16.200	33092
16.210	33092
16.220	33092
16.230	33092
16.240	33093
16.250	33089
16.260	33091
16.270	33092
16.280	33090
16.290	33092
16.300	33091
16.310	33092
16.320	33090
16.330	33091
16.340	33092
16.350	33089
16.360	33089
16.370	33091
16.380	33092
16.390	33092
16.400	33091
16.410	33088
16.420	33093
16.430	33091
16.440	33093
16.450	33092
16.460	33092
16.470	33090
16.480	33090
16.490	33090
16.500	33092
16.510	33089
16.520	33088
16.530	33088
16.540	33091
16.550	33089
16.560	33090
16.570	33089
16.580	33089
16.590	33090
16.600	33090
16.610	33090
16.620	33093
16.630	33090
16.640	33089
16.650	33091
16.660	33088
16.670	33088
16.680	33093
16.690	33089
16.700	33090
16.710	33091
16.720	33093
16.730	33089
16.740	33091
16.750	33091
16.760	33089
16.770	33091
16.780	33091
16.790	33090
16.800	33089
16.810	33091
16.820	33091
16.830	33092
16.840	33090
16.850	33089
16.860	33090
16.870	33091
16.880	33091
16.890	33090
16.900	33090
16.910	33091
16.920	33092
16.930	33092
16.940	33091
16.950	33088
16.960	33091
16.970	33090
16.980	33090
16.990	33090
17.000	33089
17.010	33090
17.020	33093
17.030	33090
17.040	33090
17.050	33091
17.060	33089
17.070	33092
17.080	33092
17.090	33091
17.100	33089
17.110	33091
17.120	33090
17.130	33089
17.140	33092
17.150	33090
17.160	33091
17.170	33093
17.180	33091
17.190	33087
17.200	33091
17.210	33091
17.220	33090
17.230	33092
17.240	33089
17.250	33093
17.260	33092
17.270	33090
17.281	33087
17.290	33091
17.300	33091
17.310	33089
17.320	33092
17.330	33091
17.340	33091
17.350	33089
17.360	33092
17.370	33090
17.380	33089
17.390	33090
17.400	33090
17.410	33093
17.420	33092
17.430	33093
17.440	33088
17.450	33089
17.460	33091
17.470	33092
17.480	33091
17.490	33091
17.500	33088
17.514	33091
17.520	33089
17.530	33090
17.540	33091
17.550	33091
17.560	33093
17.570	33091
17.580	33090
17.590	33089
17.600	33090
17.610	33091
17.620	33090
17.630	33091
17.640	33091
17.650	33090
17.660	33092
17.675	33092
17.680	33092
17.690	33093
17.700	33090
17.710	33091
17.720	33091
17.730	33091
17.740	33091
17.750	33092
17.760	33089
17.770	33091
17.780	33092
17.790	33092
17.800	33095
17.810	33093
17.820	33092
17.830	33090
17.840	33091
17.850	33091
17.860	33090
17.870	33090
17.880	33092
17.890	33091
17.900	33091
17.910	33089
17.920	33090
17.930	33092
17.940	33094
17.950	33091
17.960	33093
17.970	33089
17.980	33091
17.990	33088
18.000	33090
18.010	33089
18.020	33094
18.030	33090
18.040	33090
18.050	33092
18.060	33090
18.070	33093
18.080	33089
18.090	33093
18.100	33091
18.110	33089
18.120	33093
18.130	33092
18.140	33090
18.150	33089
18.160	33090
18.170	33090
18.180	33092
18.190	33090
18.203	33093
18.210	33090
18.220	33092
18.235	33090
18.240	33087
18.250	33088
18.260	33091
18.270	33090
18.280	33091
18.290	33093
18.300	33092
18.310	33091
18.320	33091
18.330	33088
18.340	33091
18.350	33094
18.360	33092
18.370	33091
18.380	33090
18.390	33089
18.400	33089
18.410	33090
18.420	33091
18.430	33092
18.440	33092
18.450	33092
18.460	33093
18.470	33091
18.480	33091
18.490	33093
18.501	33091
18.510	33091
18.520	33092
18.530	33094
18.542	33093
18.550	33093
18.560	33089
18.570	33088
18.580	33092
18.590	33092
18.600	33091
18.610	33092
18.620	33090
18.630	33095
18.640	33089
18.650	33090
18.660	33092
18.670	33091
18.680	33091
18.691	33090
18.700	33090
18.710	33087
18.720	33093
18.730	33093
18.740	33092
18.750	33093
18.760	33090
18.770	33092
18.780	33093
18.790	33091
18.800	33091
18.810	33091
18.820	33092
18.830	33093
18.840	33092
18.850	33090
18.860	33089
18.870	33091
18.880	33090
18.890	33091
18.900	33092
18.910	33089
18.920	33089
18.930	33091
18.940	33094
18.950	33090
18.960	33091
18.970	33088
18.980	33090
18.990	33090
19.000	33092
19.010	33090
19.020	33092
19.030	33089
19.040	33091
19.050	33092
19.060	33089
19.070	33088
19.080	33089
19.090	33089
19.100	33090
19.110	33091
19.120	33090
19.130	33090
19.140	33090
19.150	33091
19.160	33091
19.170	33091
19.180	33091
19.190	33088
19.200	33092
19.210	33092
19.220	33091
19.230	33091
19.240	33092
19.250	33091
19.260	33088
19.270	33089
19.280	33090
19.290	33092
19.300	33088
19.310	33089
19.320	33089
19.330	33089
19.340	33088
19.350	33092
19.360	33091
19.370	33093
19.380	33090
19.390	33091
19.400	33089
19.410	33092
19.421	33092
19.430	33092
19.440	33091
19.450	33092
19.460	33090
19.470	33093
19.480	33091
19.490	33091
19.500	33092
19.510	33091
19.522	33090
19.533	33091
19.540	33090
19.550	33092
19.560	33090
19.570	33091
19.580	33093
19.590	33090
19.600	33091
19.610	33092
19.620	33091
19.630	33091
19.640	33091
19.650	33090
19.660	33090
19.670	33091
19.680	33091
19.690	33094
19.700	33092
19.710	33089
19.720	33086
19.730	33094
19.740	33093
19.750	33092
19.766	33091
19.772	33092
19.783	33090
19.790	33094
19.800	33090
19.810	33089
19.820	33090
19.830	33090
19.840	33091
19.850	33091
19.860	33091
19.870	33090
19.880	33089
19.890	33091
19.900	33089
19.910	33090
19.920	33092
19.930	33091
19.940	33090
19.950	33090
19.960	33091
19.970	33092
19.980	33092
19.990	33092
20.000	33091
20.010	33090
20.020	33093
20.030	33091
20.040	33088
20.050	33091
20.060	33091
20.070	33089
20.080	33088
20.090	33089
20.100	33088
20.110	33091
20.120	33091
20.130	33091
20.140	33090
20.150	33092
20.160	33091
20.170	33091
20.180	33091
20.190	33091
20.200	33090
20.210	33091
20.220	33090
20.230	33091
20.240	33089
20.250	33088
20.260	33091
20.270	33091
20.280	33091
20.290	33091
20.300	33091
20.310	33092
20.320	33091
20.330	33091
20.340	33091
20.350	33090
20.360	33091
20.370	33091
20.380	33092
20.390	33093
20.400	33093
20.410	33089
20.420	33090
20.430	33091
20.440	33092
20.450	33091
20.460	33091
20.470	33090
20.480	33089
20.490	33091
20.500	33091
20.510	33092
20.520	33089
20.530	33093
20.540	33089
20.550	33093
20.560	33091
20.570	33093
20.580	33092
20.590	33089
20.600	33090
20.610	33091
20.620	33092
20.630	33088
20.640	33092
20.650	33091
20.660	33091
20.670	33090
20.680	33090
20.690	33089
20.700	33091
20.710	33091
20.720	33092
20.730	33091
20.740	33091
20.750	33093
20.760	33090
20.770	33091
20.780	33090
20.790	33092
20.800	33090
20.810	33090
20.820	33092
20.830	33090
20.840	33090
20.850	33089
20.860	33089
20.870	33088
20.880	33091
20.890	33092
20.901	33088
20.910	33091
20.920	33093
20.930	33090
20.940	33092
20.950	33092
20.960	33090
20.970	33088
20.980	33088
20.990	33089
21.000	33091
21.010	33092
21.020	33090
21.030	33091
21.040	33091
21.050	33091
21.060	33091
21.070	33089
21.080	33093
21.090	33091
21.100	33091
21.110	33092
21.120	33090
21.130	33093
21.140	33092
21.150	33090
21.160	33089
21.170	33091
21.180	33091
21.190	33094
21.200	33091
21.210	33091
21.220	33089
21.230	33092
21.240	33091
21.250	33089
21.260	33089
21.270	33091
21.280	33091
21.290	33091
21.300	33089
21.310	33090
21.320	33090
21.330	33093
21.340	33095
21.350	33090
21.360	33089
21.370	33089
21.380	33092
21.390	33091
21.400	33090
21.410	33094
21.420	33091
21.430	33093
21.440	33093
21.450	33090
21.460	33090
21.470	33091
21.480	33090
21.490	33089
21.500	33089
21.510	33090
21.520	33093
21.530	33092
21.540	33091
21.550	33089
21.560	33091
21.570	33092
21.580	33092
21.590	33090
21.600	33089
21.610	33090
21.620	33091
21.630	33091
21.640	33090
21.650	33089
21.660	33090
21.670	33092
21.680	33092
21.690	33090
21.700	33091
21.710	33089
21.720	33091
21.730	33091
21.740	33090
21.750	33090
21.760	33088
21.770	33092
21.780	33092
21.790	33090
21.800	33091
21.810	33088
21.820	33091
21.830	33090
21.840	33091
21.850	33091
21.860	33091
21.870	33091
21.880	33090
21.890	33090
21.900	33089
21.910	33091
21.920	33090
21.930	33091
21.940	33089
21.950	33090
21.960	33089
21.970	33092
21.980	33092
21.990	33091
22.000	33092
22.010	33091
22.020	33092
22.030	33090
22.040	33089
22.050	33091
22.060	33090
22.070	33093
22.080	33089
22.090	33089
22.100	33093
22.110	33091
22.120	33091
22.130	33089
22.140	33091
22.150	33092
22.160	33090
22.170	33092
22.180	33089
22.190	33091
22.200	33090
22.210	33092
22.220	33093
22.230	33092
22.240	33092
22.250	33091
22.260	33089
22.270	33089
22.280	33089
22.290	33090
22.300	33090
22.310	33093
22.320	33092
22.330	33091
22.340	33088
22.350	33092
22.360	33089
22.370	33092
22.380	33089
22.390	33089
22.400	33091
22.410	33090
22.420	33091
22.430	33089
22.440	33090
22.450	33090
22.460	33091
22.470	33090
22.480	33091
22.490	33090
22.505	33091
22.510	33089
22.520	33091
22.530	33090
22.540	33092
22.550	33093
22.560	33091
22.570	33088
22.580	33091
22.590	33092
22.600	33092
22.610	33089
22.620	33091
22.630	33090
22.640	33091
22.650	33091
22.660	33091
22.670	33092
22.680	33092
22.690	33092
22.700	33091
22.710	33090
22.720	33092
22.730	33089
22.740	33090
22.750	33091
22.760	33092
22.770	33092
22.780	33092
22.790	33091
22.800	33090
22.810	33089
22.820	33091
22.830	33093
22.840	33090
22.850	33090
22.860	33089
22.870	33089
22.880	33089
22.890	33091
22.900	33091
22.910	33093
22.920	33092
22.930	33091
22.940	33092
22.950	33092
22.960	33090
22.970	33091
22.980	33091
22.990	33091
23.000	33091
23.010	33093
23.020	33089
23.030	33092
23.040	33089
23.050	33092
23.060	33094
23.070	33090
23.080	33088
23.090	33091
23.100	33091
23.110	33089
23.120	33090
23.130	33090
23.140	33091
23.150	33091
23.160	33091
23.170	33091
23.180	33091
23.190	33090
23.200	33092
23.210	33090
23.220	33092
23.230	33091
23.240	33092
23.250	33090
23.260	33091
23.270	33092
23.280	33091
23.290	33092
23.300	33092
23.310	33092
23.320	33092
23.330	33091
23.340	33091
23.350	33091
23.360	33090
23.370	33089
23.380	33088
23.390	33091
23.400	33090
23.410	33091
23.420	33088
23.430	33090
23.440	33087
23.450	33092
23.460	33090
23.470	33091
23.480	33091
23.490	33092
23.500	33092
23.510	33091
23.520	33090
23.530	33091
23.540	33091
23.550	33091
23.560	33088
23.570	33090
23.580	33092
23.590	33089
23.600	33091
23.610	33087
23.620	33089
23.630	33091
23.640	33091
23.650	33089
23.660	33089
23.670	33090
23.680	33089
23.690	33092
23.700	33091
23.710	33092
23.720	33090
23.730	33089
23.740	33090
23.750	33091
23.760	33090
23.770	33091
23.780	33088
23.790	33088
23.800	33091
23.810	33093
23.820	33091
23.830	33090
23.840	33089
23.850	33090
23.860	33092
23.870	33091
23.880	33090
23.890	33091
23.900	33090
23.910	33089
23.920	33091
23.930	33088
23.940	33091
23.950	33089
23.960	33091
23.970	33090
23.980	33088
23.990	33090
24.000	33089
24.010	33088
24.020	33090
24.030	33092
24.040	33090
24.050	33090
24.060	33093
24.070	33091
24.080	33089
24.090	33089
24.100	33089
24.110	33090
24.120	33091
24.130	33089
24.140	33089
24.151	33090
24.160	33092
24.170	33092
24.180	33091
24.190	33091
24.200	33089
24.210	33091
24.220	33091
24.230	33089
24.240	33090
24.250	33091
24.260	33092
24.270	33089
24.280	33089
24.290	33089
24.300	33090
24.310	33093
24.320	33089
24.330	33092
24.340	33092
24.350	33091
24.360	33094
24.370	33089
24.380	33092
24.390	33089
24.400	33092
24.410	33090
24.420	33088
24.430	33090
24.443	33090
24.457	33089
24.460	33090
24.479	33092
24.490	33089
24.500	33091
24.510	33092
24.520	33090
24.530	33090
24.540	33091
24.550	33089
24.560	33092
24.570	33090
24.580	33092
24.590	33092
24.600	33090
24.610	33092
24.620	33089
24.630	33091
24.640	33089
24.650	33092
24.660	33090
24.670	33092
24.680	33092
24.690	33090
24.700	33090
24.710	33090
24.720	33090
24.730	33092
24.740	33091
24.750	33091
24.760	33093
24.770	33092
24.780	33090
24.790	33091
24.800	33091
24.810	33091
24.820	33092
24.830	33091
24.840	33090
24.850	33091
24.860	33092
24.870	33090
24.880	33090
24.890	33091
24.900	33091
24.910	33093
24.920	33090
24.930	33089
24.940	33093
24.950	33090
24.960	33088
24.970	33089
24.980	33090
24.990	33092
25.002	33089
25.010	33092
25.020	33093
25.030	33090
25.040	33091
25.054	33091
25.067	33090
25.072	33091
25.080	33090
25.090	33088
25.100	33087
25.110	33092
25.120	33091
25.130	33090
25.140	33089
25.150	33090
25.160	33091
25.170	33094
25.180	33093
25.190	33091
25.200	33091
25.210	33090
25.220	33092
25.230	33090
25.240	33090
25.250	33091
25.260	33090
25.270	33092
25.280	33090
25.290	33090
25.300	33092
25.310	33090
25.320	33093
25.330	33090
25.340	33093
25.350	33091
25.360	33091
25.370	33091
25.380	33089
25.390	33094
25.400	33090
25.410	33092
25.420	33092
25.430	33091
25.440	33088
25.450	33091
25.460	33090
25.470	33092
25.483	33090
25.491	33092
25.500	33091
25.510	33090
25.520	33095
25.530	33093
25.540	33090
25.550	33093
25.560	33091
25.570	33092
25.580	33091
25.590	33093
25.600	33090
25.610	33089
25.620	33090
25.630	33090
25.640	33091
25.650	33088
25.660	33091
25.670	33088
25.680	33090
25.690	33090
25.700	33090
25.710	33090
25.720	33090
25.730	33090
25.740	33093
25.750	33091
25.760	33090
25.770	33090
25.780	33091
25.791	33092
25.800	33094
25.811	33089
25.823	33091
25.830	33092
25.840	33093
25.850	33089
25.860	33089
25.870	33091
25.880	33092
25.890	33091
25.900	33090
25.910	33088
25.920	33091
25.931	33090
25.940	33089
25.950	33092
25.960	33091
25.970	33090
25.980	33091
25.990	33092
26.000	33090
26.010	33091
26.020	33089
26.030	33089
26.040	33090
26.050	33091
26.060	33091
26.071	33091
26.080	33089
26.090	33092
26.100	33090
26.110	33090
26.120	33089
26.130	33090
26.140	33091
26.150	33091
26.160	33089
26.170	33090
26.180	33090
26.190	33093
26.200	33093
26.210	33090
26.220	33088
26.230	33089
26.240	33090
26.250	33093
26.260	33090
26.270	33090
26.280	33090
26.290	33091
26.300	33089
26.310	33089
26.320	33090
26.330	33090
26.340	33091
26.350	33090
26.360	33093
26.370	33091
26.380	33090
26.390	33089
26.400	33090
26.410	33088
26.420	33089
26.430	33089
26.440	33089
26.450	33091
26.460	33088
26.470	33089
26.480	33090
26.490	33091
26.500	33089
26.510	33089
26.520	33089
26.530	33087
26.540	33090
26.550	33088
26.560	33090
26.570	33091
26.580	33090
26.590	33090
26.601	33091
26.610	33091
26.620	33090
26.630	33089
26.640	33091
26.650	33092
26.660	33092
26.670	33088
26.680	33088
26.690	33087
26.700	33091
26.710	33089
26.720	33092
26.730	33089
26.740	33088
26.750	33090
26.760	33089
26.770	33090
26.780	33089
26.790	33090
26.800	33090
26.810	33089
26.820	33093
26.830	33089
26.840	33092
26.850	33089
26.860	33091
26.870	33089
26.880	33092
26.891	33089
26.900	33090
26.910	33089
26.920	33088
26.930	33089
26.940	33090
26.950	33090
26.960	33091
26.970	33089
26.980	33091
26.990	33089
27.000	33087
27.010	33090
27.020	33090
27.030	33091
27.040	33092
27.050	33092
27.060	33091
27.070	33092
27.080	33091
27.090	33089
27.103	33090
27.112	33089
27.120	33089
27.130	33089
27.140	33090
27.150	33088
27.160	33090
27.170	33092
27.180	33089
27.190	33091
27.200	33092
27.210	33093
27.220	33090
27.230	33092
27.240	33091
27.250	33090
27.260	33089
27.270	33089
27.280	33092
27.290	33090
27.300	33093
27.311	33094
27.320	33092
27.330	33093
27.340	33090
27.350	33089
27.360	33089
27.370	33088
27.380	33087
27.390	33092
27.400	33090
27.411	33090
27.420	33092
27.430	33093
27.440	33092
27.450	33092
27.460	33090
27.470	33090
27.480	33092
27.490	33093
27.500	33092
27.510	33093
27.535	33091
27.540	33091
27.550	33092
27.560	33089
27.570	33090
27.591	33090
27.611	33092
27.620	33091
27.630	33089
27.640	33089
27.650	33089
27.660	33089
27.670	33094
27.680	33090
27.690	33090
27.700	33092
27.710	33090
27.720	33095
27.730	33091
27.740	33089
27.750	33091
27.761	33093
27.770	33091
27.780	33091
27.790	33092
27.800	33090
27.810	33089
27.820	33090
27.830	33090
27.840	33092
27.850	33092
27.860	33091
27.870	33092
27.880	33091
27.890	33092
27.900	33091
27.910	33092
27.920	33090
27.930	33091
27.940	33088
27.950	33091
27.960	33092
27.970	33093
27.980	33090
27.990	33093
28.000	33092
28.010	33091
28.020	33092
28.030	33092
28.040	33094
28.050	33088
28.060	33091
28.070	33092
28.082	33091
28.090	33089
28.100	33091
28.110	33089
28.120	33092
28.130	33091
28.140	33091
28.150	33088
28.160	33088
28.170	33090
28.180	33089
28.190	33090
28.200	33090
28.210	33092
28.220	33092
28.230	33091
28.240	33092
28.250	33090
28.260	33090
28.270	33094
28.280	33091
28.290	33090
28.300	33090
28.310	33092
28.320	33092
28.330	33090
28.341	33090
28.350	33090
28.360	33088
28.370	33092
28.380	33090
28.390	33089
28.400	33091
28.410	33090
28.420	33092
28.430	33090
28.440	33092
28.450	33091
28.460	33090
28.470	33092
28.480	33093
28.490	33091
28.500	33090
28.510	33091
28.520	33089
28.530	33091
28.540	33089
28.550	33090
28.560	33087
28.570	33091
28.580	33089
28.590	33092
28.600	33090
28.610	33092
28.620	33090
28.630	33090
28.640	33092
28.650	33088
28.660	33092
28.670	33089
28.680	33089
28.690	33090
28.700	33089
28.710	33088
28.720	33088
28.730	33090
28.740	33090
28.750	33090
28.760	33091
28.770	33088
28.780	33090
28.790	33090
28.800	33090
28.810	33090
28.820	33090
28.830	33089
28.840	33090
28.851	33089
28.860	33089
28.870	33091
28.880	33090
28.890	33091
28.900	33093
28.910	33092
28.920	33090
28.930	33087
28.940	33090
28.950	33090
28.960	33087
28.970	33092
28.980	33090
28.990	33090
29.000	33092
29.010	33087
29.020	33089
29.030	33090
29.040	33090
29.050	33087
29.060	33090
29.070	33090
29.080	33090
29.090	33091
29.100	33089
29.110	33089
29.120	33090
29.130	33087
29.140	33090
29.150	33091
29.160	33092
29.170	33089
29.180	33091
29.190	33090
29.200	33089
29.210	33092
29.220	33091
29.230	33092
29.240	33089
29.250	33091
29.260	33087
29.270	33090
29.280	33090
29.290	33091
29.300	33090
29.310	33089
29.320	33092
29.330	33090
29.340	33091
29.350	33090
29.360	33089
29.370	33089
29.380	33090
29.390	33091
29.400	33091
29.410	33090
29.420	33090
29.430	33089
29.440	33091
29.450	33090
29.460	33091
29.470	33089
29.480	33090
29.490	33091
29.500	33089
29.510	33092
29.520	33090
29.530	33089
29.540	33090
29.550	33088
29.560	33090
29.570	33090
29.580	33088
29.590	33091
29.600	33089
29.610	33088
29.620	33092
29.630	33092
29.640	33088
29.650	33091
29.660	33089
29.670	33088
29.680	33092
29.690	33090
29.700	33092
29.710	33091
29.720	33089
29.730	33092
29.740	33090
29.750	33088
29.760	33088
29.770	33092
29.780	33089
29.790	33088
29.800	33088
29.810	33091
29.822	33088
29.830	33090
29.840	33090
29.850	33089
29.860	33089
29.883	33089
29.890	33089
29.900	33088
29.910	33092
29.920	33091
29.930	33090
29.940	33091
29.950	33091
29.960	33090
29.970	33092
29.980	33090
29.990	33090
30.000	33092
30.010	33091
30.020	33091
30.030	33091
30.040	33091
30.050	33091
30.060	33093
30.070	33090
30.080	33090
30.090	33091
30.100	33091
30.110	33090
30.120	33090
30.130	33089
30.140	33090
30.150	33089
30.160	33092
30.170	33090
30.180	33089
30.190	33091
30.200	33091
30.210	33091
30.220	33091
30.230	33091
30.240	33092
30.250	33089
30.260	33090
30.270	33090
30.280	33090
30.294	33091
30.300	33088
30.310	33090
30.320	33089
30.330	33091
30.340	33089
30.350	33090
30.360	33090
30.370	33089
30.380	33091
30.390	33091
30.400	33090
30.410	33091
30.420	33090
30.430	33092
30.440	33092
30.450	33090
30.460	33092
30.470	33089
30.480	33092
30.490	33093
30.500	33091
30.510	33091
30.520	33091
30.530	33088
30.540	33091
30.551	33092
30.560	33092
30.570	33090
30.582	33091
30.592	33090
30.600	33089
30.610	33089
30.620	33089
30.630	33089
30.640	33090
30.650	33089
30.660	33093
30.670	33091
30.680	33089
30.690	33090
30.700	33087
30.710	33090
30.720	33090
30.730	33090
30.740	33088
30.750	33087
30.760	33090
30.770	33088
30.780	33089
30.790	33092
30.800	33089
30.810	33088
30.820	33090
30.832	33089
30.840	33092
30.850	33091
30.860	33089
30.870	33090
30.880	33089
30.907	33089
30.926	33089
30.933	33088
30.940	33087
30.950	33090
30.960	33090
30.970	33088
30.980	33090
30.990	33088
31.000	33089
31.010	33090
31.020	33089
31.033	33093
31.040	33090
31.050	33091
31.060	33088
31.070	33090
31.080	33091
31.090	33089
31.100	33090
31.110	33089
31.120	33090
31.130	33088
31.140	33091
31.151	33090
31.160	33091
31.170	33089
31.180	33093
31.190	33088
31.200	33088
31.210	33089
31.220	33090
31.230	33087
31.240	33089
31.250	33088
31.260	33091
31.270	33091
31.280	33089
31.290	33090
31.300	33089
31.310	33090
31.320	33090
31.330	33088
31.340	33090
31.350	33088
31.360	33092
31.370	33088
31.380	33089
31.390	33092
31.400	33091
31.410	33090
31.420	33089
31.430	33093
31.440	33088
31.450	33092
31.460	33089
31.470	33089
31.480	33089
31.490	33089
31.500	33087
31.510	33089
31.520	33088
31.530	33090
31.540	33090
31.550	33091
31.560	33090
31.570	33087
31.580	33089
31.590	33090
31.600	33091
31.610	33088
31.620	33088
31.630	33089
31.640	33089
31.650	33091
31.660	33090
31.670	33088
31.680	33090
31.690	33091
31.700	33087
31.710	33088
31.720	33089
31.730	33088
31.740	33091
31.750	33090
31.760	33088
31.770	33090
31.780	33090
31.790	33088
31.800	33091
31.810	33090
31.820	33089
31.830	33088
31.840	33090
31.850	33091
31.860	33093
31.870	33094
31.880	33091
31.890	33092
31.900	33091
31.910	33093
31.923	33090
31.930	33090
31.940	33088
31.950	33092
31.960	33090
31.970	33090
31.980	33090
31.990	33090
32.000	33092
32.010	33089
32.020	33091
32.030	33090
32.040	33091
32.050	33091
32.060	33090
32.070	33093
32.080	33090
32.090	33091
32.100	33090
32.110	33092
32.120	33091
32.130	33092
32.140	33091
32.150	33091
32.160	33092
32.170	33093
32.180	33091
32.190	33089
32.200	33091
32.210	33090
32.220	33092
32.230	33090
32.240	33091
32.250	33088
32.260	33090
32.270	33088
32.280	33087
32.290	33089
32.300	33090
32.310	33091
32.320	33089
32.330	33092
32.340	33090
32.350	33091
32.360	33090
32.370	33092
32.380	33091
32.390	33089
32.400	33088
32.410	33088
32.420	33089
32.430	33085
32.440	33092
32.450	33088
32.460	33088
32.470	33091
32.480	33089
32.490	33089
32.500	33090
32.510	33088
32.520	33092
32.530	33090
32.540	33092
32.550	33091
32.560	33092
32.570	33093
32.580	33091
32.590	33088
32.600	33089
32.610	33091
32.620	33089
32.630	33089
32.640	33093
32.650	33092
32.660	33090
32.670	33088
32.680	33088
32.690	33091
32.700	33092
32.710	33091
32.720	33091
32.730	33090
32.740	33090
32.750	33090
32.760	33094
32.770	33091
32.780	33090
32.790	33091
32.800	33090
32.810	33089
32.820	33094
32.830	33091
32.840	33088
32.850	33090
32.860	33091
32.870	33089
32.880	33088
32.890	33090
32.900	33088
32.910	33088
32.920	33091
32.930	33090
32.940	33090
32.950	33091
32.960	33089
32.970	33088
32.980	33092
32.990	33090
33.000	33090
33.010	33090
33.020	33091
33.030	33088
33.040	33088
33.050	33090
33.060	33091
33.070	33090
