# Oscilloscope Data

# Seconds	force_sensor_L.filtered_adc
0.000	33649
0.009	33650
0.019	33648
0.029	33651
0.039	33647
0.049	33648
0.059	33646
0.069	33645
0.079	33643
0.089	33645
0.099	33650
0.109	33651
0.119	33649
0.129	33652
0.139	33648
0.149	33647
0.159	33645
0.169	33643
0.179	33646
0.189	33643
0.199	33648
0.209	33648
0.219	33647
0.229	33650
0.239	33646
0.249	33649
0.259	33646
0.269	33646
0.279	33646
0.289	33645
0.299	33649
0.309	33647
0.319	33646
0.329	33648
0.339	33648
0.349	33647
0.359	33646
0.369	33647
0.379	33646
0.389	33646
0.399	33647
0.409	33648
0.419	33647
0.429	33648
0.439	33647
0.449	33647
0.459	33647
0.469	33645
0.479	33645
0.489	33646
0.499	33646
0.509	33648
0.519	33646
0.529	33647
0.539	33646
0.549	33648
0.559	33643
0.569	33647
0.579	33645
0.589	33647
0.599	33645
0.609	33645
0.619	33646
0.629	33648
0.639	33646
0.649	33646
0.659	33645
0.669	33646
0.679	33647
0.689	33647
0.699	33646
0.709	33646
0.719	33646
0.729	33647
0.739	33647
0.749	33646
0.759	33646
0.769	33642
0.779	33647
0.789	33647
0.799	33642
0.809	33646
0.819	33644
0.829	33645
0.839	33648
0.849	33645
0.859	33645
0.869	33646
0.879	33643
0.889	33646
0.899	33647
0.909	33647
0.919	33645
0.929	33647
0.939	33645
0.949	33644
0.959	33643
0.969	33648
0.979	33646
0.989	33644
0.999	33647
1.009	33646
1.019	33644
1.029	33646
1.039	33642
1.049	33646
1.059	33648
1.069	33647
1.079	33644
1.089	33647
1.099	33644
1.109	33643
1.120	33638
1.129	33639
1.139	33640
1.149	33644
1.159	33644
1.169	33642
1.179	33642
1.194	33639
1.199	33644
1.209	33646
1.219	33646
1.229	33641
1.239	33647
1.249	33651
1.259	33645
1.269	33648
1.279	33642
1.289	33646
1.299	33644
1.309	33635
1.319	33642
1.329	33644
1.339	33642
1.349	33638
1.359	33649
1.369	33646
1.379	33633
1.389	33643
1.399	33657
1.409	33639
1.419	33643
1.429	33655
1.439	33642
1.449	33641
1.459	33653
1.469	33644
1.479	33644
1.489	33647
1.499	33646
1.509	33644
1.519	33648
1.529	33648
1.539	33648
1.549	33654
1.559	33647
1.569	33644
1.579	33646
1.589	33644
1.599	33643
1.609	33647
1.619	33644
1.629	33643
1.639	33645
1.649	33650
1.659	33647
1.669	33644
1.679	33648
1.689	33647
1.699	33645
1.709	33645
1.719	33646
1.729	33649
1.739	33649
1.749	33650
1.759	33644
1.769	33645
1.779	33645
1.789	33642
1.799	33645
1.809	33650
1.819	33661
1.829	33680
1.839	33687
1.849	33692
1.859	33686
1.869	33670
1.879	33651
1.889	33644
1.899	33643
1.909	33648
1.919	33649
1.929	33644
1.939	33645
1.949	33647
1.959	33644
1.969	33647
1.979	33649
1.989	33646
1.999	33648
2.009	33648
2.019	33648
2.029	33648
2.039	33645
2.049	33644
2.059	33644
2.069	33647
2.079	33643
2.089	33645
2.099	33646
2.109	33648
2.119	33649
2.129	33649
2.139	33644
2.149	33644
2.159	33645
2.169	33645
2.179	33647
2.189	33647
2.199	33647
2.209	33645
2.219	33646
2.229	33647
2.239	33645
2.249	33644
2.259	33646
2.269	33648
2.279	33648
2.289	33650
2.299	33646
2.309	33646
2.319	33646
2.329	33644
2.339	33645
2.349	33647
2.359	33647
2.369	33644
2.379	33649
2.389	33647
2.399	33642
2.409	33646
2.419	33648
2.429	33644
2.439	33643
2.449	33645
2.459	33646
2.469	33648
2.479	33650
2.489	33645
2.499	33639
2.509	33639
2.519	33646
2.529	33650
2.539	33643
2.549	33651
2.559	33654
2.569	33647
2.579	33635
2.589	33652
2.599	33643
2.609	33635
2.619	33648
2.629	33650
2.639	33643
2.649	33653
2.659	33651
2.669	33646
2.679	33645
2.689	33650
2.699	33644
2.709	33649
2.719	33648
2.729	33645
2.739	33646
2.749	33646
2.759	33643
2.769	33646
2.779	33648
2.789	33650
2.799	33649
2.809	33647
2.819	33645
2.829	33646
2.839	33644
2.849	33648
2.859	33645
2.869	33650
2.881	33646
2.889	33649
2.900	33649
2.909	33646
2.919	33645
2.929	33648
2.939	33644
2.949	33644
2.959	33645
2.969	33648
2.979	33645
2.989	33649
2.999	33650
3.009	33653
3.019	33643
3.029	33649
3.039	33655
3.049	33651
3.059	33655
3.069	33658
3.079	33647
3.089	33646
3.099	33650
3.109	33648
3.119	33644
3.129	33652
3.139	33651
3.149	33648
3.159	33648
3.169	33651
3.179	33652
3.189	33654
3.199	33652
3.209	33655
3.219	33653
3.229	33651
3.239	33650
3.249	33649
3.259	33647
3.269	33650
3.279	33649
3.289	33644
3.299	33645
3.309	33641
3.319	33646
3.329	33652
3.339	33646
3.349	33648
3.359	33652
3.369	33649
3.379	33649
3.389	33648
3.399	33650
3.409	33648
3.419	33651
3.429	33655
3.439	33652
3.449	33653
3.459	33653
3.469	33652
3.479	33646
3.489	33645
3.499	33638
3.509	33641
3.519	33642
3.529	33643
3.539	33644
3.549	33643
3.559	33643
3.569	33644
3.579	33637
3.589	33645
3.599	33642
3.609	33641
3.619	33645
3.629	33643
3.639	33642
3.649	33645
3.659	33646
3.669	33646
3.679	33646
3.689	33644
3.699	33644
3.709	33647
3.719	33644
3.729	33646
3.739	33644
3.749	33649
3.759	33649
3.769	33648
3.779	33646
3.789	33648
3.799	33644
3.809	33644
3.819	33641
3.829	33648
3.839	33645
3.849	33647
3.859	33652
3.869	33650
3.879	33646
3.889	33654
3.899	33649
3.909	33644
3.919	33646
3.929	33652
3.939	33642
3.949	33647
3.959	33649
3.969	33643
3.980	33643
3.989	33646
3.999	33648
4.009	33648
4.019	33644
4.029	33645
4.039	33643
4.049	33643
4.059	33639
4.069	33643
4.079	33637
4.089	33637
4.099	33644
4.109	33644
4.119	33644
4.129	33648
4.139	33645
4.149	33643
4.159	33642
4.169	33644
4.179	33639
4.189	33649
4.199	33647
4.209	33646
4.219	33641
4.229	33643
4.239	33642
4.249	33642
4.259	33642
4.269	33645
4.279	33645
4.289	33647
4.299	33653
4.309	33651
4.319	33648
4.329	33647
4.339	33647
4.349	33648
4.359	33646
4.369	33643
4.379	33647
4.389	33649
4.399	33646
4.409	33647
4.419	33647
4.429	33647
4.439	33649
4.449	33646
4.459	33646
4.469	33647
4.479	33646
4.489	33649
4.499	33644
4.509	33648
4.519	33646
4.529	33650
4.539	33647
4.549	33652
4.559	33650
4.569	33654
4.579	33652
4.589	33652
4.599	33650
4.609	33650
4.619	33650
4.629	33649
4.639	33651
4.649	33648
4.660	33648
4.671	33649
4.684	33647
4.695	33649
4.704	33643
4.709	33647
4.719	33645
4.729	33649
4.739	33654
4.749	33657
4.759	33651
4.769	33648
4.779	33653
4.789	33643
4.799	33645
4.809	33652
4.819	33648
4.829	33642
4.839	33642
4.849	33646
4.859	33651
4.869	33649
4.879	33648
4.889	33658
4.899	33652
4.909	33653
4.919	33658
4.929	33657
4.939	33659
4.949	33659
4.959	33662
4.969	33662
4.979	33664
4.989	33665
4.999	33669
5.009	33667
5.019	33660
5.029	33662
5.039	33661
5.049	33666
5.059	33661
5.069	33653
5.079	33643
5.089	33635
5.099	33619
5.109	33617
5.119	33610
5.129	33602
5.139	33585
5.149	33570
5.159	33552
5.169	33532
5.179	33507
5.189	33483
5.199	33458
5.209	33436
5.219	33409
5.229	33393
5.239	33368
5.249	33348
5.259	33328
5.269	33293
5.279	33267
5.289	33238
5.299	33211
5.309	33201
5.319	33181
5.329	33159
5.339	33131
5.349	33098
5.359	33066
5.369	33048
5.379	33016
5.389	32998
5.399	32961
5.409	32928
5.419	32909
5.432	32896
5.439	32886
5.449	32866
5.459	32855
5.469	32847
5.479	32835
5.489	32824
5.499	32816
5.509	32804
5.519	32795
5.529	32791
5.539	32788
5.549	32781
5.559	32781
5.569	32780
5.579	32778
5.589	32776
5.599	32776
5.609	32775
5.619	32773
5.629	32773
5.639	32771
5.649	32770
5.659	32769
5.669	32767
5.679	32766
5.689	32764
5.699	32746
5.709	32716
5.719	32707
5.729	32670
5.739	32671
5.749	32685
5.759	32694
5.769	32708
5.779	32713
5.789	32726
5.799	32727
5.809	32733
5.819	32726
5.829	32723
5.839	32731
5.849	32738
5.859	32744
5.869	32750
5.879	32754
5.889	32760
5.899	32760
5.909	32762
5.919	32766
5.929	32765
5.939	32764
5.949	32763
5.959	32766
5.969	32771
5.979	32843
5.989	33049
5.999	33090
6.009	33078
6.019	33093
6.029	33092
6.039	33072
6.049	33052
6.059	33003
6.069	32914
6.079	32822
6.089	32785
6.099	32776
6.109	32775
6.119	32774
6.129	32776
6.139	32773
6.149	32772
6.159	32774
6.169	32774
6.179	32776
6.189	32776
6.199	32775
6.209	32773
6.219	32774
6.229	32775
6.239	32775
6.249	32776
6.259	32776
6.269	32775
6.279	32775
6.289	32775
6.299	32775
6.309	32775
6.319	32776
6.329	32775
6.339	32776
6.349	32776
6.359	32775
6.369	32775
6.379	32775
6.389	32776
6.399	32776
6.409	32776
6.419	32776
6.429	32777
6.439	32775
6.449	32777
6.459	32776
6.469	32776
6.479	32777
6.489	32777
6.499	32776
6.509	32776
6.519	32776
6.529	32777
6.539	32776
6.549	32776
6.559	32776
6.569	32777
6.579	32777
6.589	32775
6.599	32775
6.609	32774
6.619	32774
6.629	32773
6.644	32773
6.662	32774
6.671	32775
6.679	32776
6.689	32776
6.699	32776
6.709	32776
6.719	32776
6.729	32778
6.739	32780
6.749	32779
6.759	32777
6.769	32777
6.779	32776
6.789	32776
6.799	32776
6.809	32777
6.819	32776
6.829	32777
6.839	32777
6.849	32777
6.859	32777
6.869	32776
6.879	32775
6.889	32776
6.899	32775
6.909	32775
6.919	32776
6.929	32778
6.939	32776
6.949	32776
6.959	32776
6.969	32775
6.979	32777
6.989	32776
6.999	32775
7.009	32776
7.019	32776
7.029	32781
7.039	32781
7.049	32783
7.059	32782
7.069	32780
7.079	32776
7.089	32777
7.099	32776
7.109	32777
7.119	32775
7.129	32778
7.139	32777
7.149	32778
7.159	32776
7.169	32779
7.179	32778
7.189	32778
7.199	32777
7.209	32780
7.219	32782
7.229	32782
7.239	32781
7.249	32781
7.259	32779
7.269	32778
7.279	32779
7.289	32781
7.299	32785
7.309	32787
7.319	32786
7.329	32785
7.339	32780
7.349	32779
7.359	32776
7.369	32777
7.379	32775
7.389	32776
7.399	32776
7.409	32776
7.419	32776
7.429	32776
7.439	32775
7.449	32777
7.459	32777
7.469	32777
7.479	32776
7.489	32777
7.499	32776
7.509	32776
7.519	32777
7.529	32777
7.539	32776
7.549	32776
7.559	32776
7.569	32776
7.579	32776
7.589	32776
7.599	32776
7.609	32776
7.619	32775
7.629	32777
7.639	32776
7.649	32777
7.659	32776
7.669	32776
7.679	32776
7.689	32776
7.699	32776
7.709	32776
7.719	32776
7.729	32777
7.739	32777
7.749	32776
7.759	32776
7.769	32776
7.779	32775
7.789	32776
7.799	32776
7.809	32776
7.819	32775
7.829	32775
7.839	32776
7.849	32776
7.859	32776
7.869	32777
7.879	32778
7.889	32776
7.899	32777
7.909	32776
7.919	32777
7.929	32777
7.939	32776
7.949	32776
7.959	32777
7.969	32777
7.979	32776
7.989	32777
7.999	32775
8.009	32777
8.019	32776
8.029	32776
8.039	32776
8.049	32777
8.059	32775
8.069	32776
8.079	32776
8.089	32776
8.099	32775
8.109	32776
8.119	32775
8.129	32776
8.139	32776
8.149	32777
8.159	32776
8.169	32776
8.179	32777
8.189	32776
8.199	32775
8.226	32776
8.239	32776
8.242	32775
8.249	32777
8.259	32777
8.269	32777
8.279	32776
8.289	32776
8.299	32776
8.309	32778
8.319	32776
8.329	32777
8.339	32777
8.349	32776
8.359	32777
8.369	32777
8.379	32776
8.389	32777
8.399	32778
8.409	32777
8.419	32776
8.429	32777
8.439	32776
8.449	32776
8.459	32776
8.469	32778
8.479	32777
8.489	32775
8.499	32778
8.509	32776
8.519	32777
8.529	32777
8.539	32776
8.549	32776
8.559	32777
8.569	32777
8.579	32777
8.589	32776
8.599	32776
8.609	32775
8.619	32776
8.629	32777
8.639	32776
8.649	32777
8.659	32776
8.669	32777
8.679	32776
8.689	32777
8.699	32776
8.709	32776
8.719	32776
8.729	32776
8.739	32776
8.749	32777
8.759	32776
8.769	32776
8.779	32776
8.789	32776
8.799	32776
8.809	32776
8.819	32777
8.829	32777
8.839	32777
8.849	32776
8.859	32776
8.869	32776
8.879	32775
8.889	32777
8.899	32776
8.909	32776
8.919	32775
8.929	32776
8.939	32776
8.949	32777
8.959	32776
8.969	32776
8.979	32777
8.989	32776
8.999	32778
9.009	32777
9.019	32777
9.029	32777
9.039	32777
9.049	32777
9.059	32776
9.069	32777
9.079	32777
9.089	32776
9.099	32777
9.109	32777
9.119	32776
9.129	32776
9.139	32776
9.149	32777
9.159	32777
9.169	32776
9.179	32776
9.189	32776
9.199	32776
9.209	32776
9.219	32776
9.229	32778
9.239	32776
9.249	32777
9.259	32776
9.269	32777
9.279	32777
9.289	32778
9.299	32776
9.309	32777
9.319	32776
9.329	32776
9.339	32776
9.349	32776
9.359	32776
9.369	32777
9.379	32776
9.389	32776
9.399	32776
9.409	32777
9.419	32776
9.429	32777
9.439	32776
9.449	32777
9.459	32775
9.469	32776
9.479	32776
9.489	32776
9.499	32777
9.509	32776
9.519	32777
9.529	32777
9.539	32775
9.549	32776
9.559	32776
9.569	32777
9.579	32777
9.589	32776
9.599	32777
9.609	32776
9.619	32776
9.629	32776
9.639	32775
9.649	32776
9.659	32776
9.669	32776
9.679	32777
9.689	32775
9.699	32776
9.709	32776
9.719	32776
9.745	32777
9.752	32776
9.759	32776
9.769	32777
9.779	32776
9.789	32776
9.799	32777
9.809	32777
9.819	32777
9.829	32776
9.839	32776
9.849	32777
9.859	32776
9.869	32776
9.879	32775
9.889	32774
9.899	32775
9.909	32776
9.919	32777
9.929	32776
9.939	32775
9.949	32777
9.959	32776
9.969	32776
9.979	32776
9.989	32775
9.999	32776
10.009	32777
10.019	32776
10.029	32776
10.039	32775
10.049	32776
10.059	32776
10.069	32776
10.079	32776
10.089	32776
10.099	32776
10.109	32777
10.119	32776
10.129	32777
10.139	32776
10.149	32776
10.159	32776
10.169	32777
10.179	32775
10.189	32777
10.199	32776
10.209	32776
10.219	32776
10.229	32778
10.239	32914
10.249	32827
10.259	32789
10.269	32787
10.279	32782
10.289	32778
10.299	32774
10.309	32777
10.319	32776
10.329	32776
10.339	32776
10.349	32776
10.359	32776
10.369	32776
10.379	32776
10.389	32776
10.399	32775
10.409	32776
10.419	32779
10.429	32781
10.439	32775
10.449	32775
10.459	32777
10.469	32779
10.479	32779
10.489	32779
10.499	32776
10.509	32774
10.519	32775
10.529	32775
10.539	32776
10.549	32775
10.560	32776
10.569	32776
10.579	32778
10.589	32779
10.600	32781
10.609	32782
10.619	32781
10.629	32783
10.639	32781
10.649	32780
10.659	32778
10.669	32777
10.679	32776
10.689	32777
10.699	32776
10.709	32778
10.719	32777
10.729	32782
10.739	32786
10.749	32788
10.759	32786
10.769	32790
10.779	32791
10.789	32787
10.799	32788
10.809	32787
10.819	32786
10.829	32784
10.839	32783
10.849	32784
10.859	32784
10.869	32787
10.879	32786
10.889	32786
10.899	32786
10.909	32784
10.919	32786
10.929	32782
10.939	32783
10.949	32784
10.959	32781
10.969	32781
10.979	32780
10.989	32779
10.999	32779
11.009	32780
11.019	32781
11.029	32779
11.039	32781
11.049	32780
11.059	32781
11.069	32780
11.079	32781
11.089	32784
11.099	32784
11.109	32785
11.119	32785
11.129	32784
11.139	32781
11.149	32781
11.159	32781
11.169	32780
11.179	32779
11.189	32780
11.199	32781
11.209	32783
11.219	32784
11.229	32784
11.239	32785
11.249	32786
11.259	32782
11.269	32782
11.279	32779
11.289	32779
11.299	32776
11.309	32776
11.319	32777
11.329	32775
11.339	32775
11.349	32776
11.359	32774
11.369	32775
11.379	32775
11.389	32775
11.399	32774
11.409	32775
11.419	32775
11.429	32776
11.439	32774
11.449	32777
11.459	32777
11.469	32778
11.479	32778
11.489	32778
11.499	32778
11.509	32777
11.519	32777
11.529	32777
11.539	32778
11.549	32778
11.559	32778
11.569	32780
11.579	32781
11.589	32783
11.599	32784
11.609	32787
11.619	32790
11.629	32792
11.639	32788
11.649	32792
11.659	32793
11.669	32789
11.679	32791
11.689	32783
11.699	32786
11.709	32787
11.719	32785
11.729	32789
11.739	32787
11.749	32791
11.759	32791
11.769	32785
11.779	32790
11.789	32805
11.799	32831
11.809	32845
11.819	32849
11.829	32844
11.839	32832
11.849	32822
11.859	32806
11.869	32801
11.879	32803
11.889	32804
11.899	32803
11.909	32798
11.919	32796
11.929	32801
11.939	32805
11.949	32808
11.959	32801
11.969	32802
11.979	32802
11.989	32801
11.999	32801
12.009	32801
12.019	32800
12.029	32800
12.039	32803
12.049	32801
12.059	32795
12.069	32796
12.079	32799
12.089	32802
12.099	32808
12.109	32811
12.119	32818
12.129	32828
12.139	32827
12.149	32829
12.159	32827
12.169	32825
12.179	32834
12.189	32842
12.199	32845
12.209	32858
12.219	32855
12.229	32861
12.239	32861
12.249	32864
12.259	32865
12.269	32865
12.279	32867
12.289	32862
12.299	32861
12.309	32866
12.319	32869
12.329	32873
12.339	32882
12.349	32893
12.359	32898
12.369	32905
12.379	32911
12.389	32918
12.399	32924
12.409	32935
12.419	32942
12.429	32961
12.439	32977
12.450	32998
12.459	33023
12.469	33033
12.479	33039
12.489	33044
12.499	33045
12.509	33056
12.519	33069
12.529	33098
12.539	33136
12.549	33169
12.559	33198
12.569	33246
12.579	33273
12.589	33298
12.599	33320
12.609	33343
12.619	33356
12.629	33371
12.639	33405
12.649	33430
12.659	33460
12.669	33508
12.679	33544
12.689	33577
12.699	33604
12.709	33636
12.719	33681
12.729	33723
12.739	33774
12.749	33830
12.759	33898
12.769	33942
12.779	33964
12.789	33985
12.799	34030
12.809	34087
12.819	34141
12.829	34170
12.839	34200
12.849	34221
12.859	34225
12.869	34250
12.879	34272
12.889	34323
12.899	34364
12.909	34397
12.919	34436
12.929	34461
12.939	34466
12.949	34477
12.959	34477
12.969	34499
12.979	34504
12.989	34515
12.999	34524
13.009	34510
13.019	34514
13.029	34516
13.039	34508
13.049	34508
13.059	34508
13.069	34502
13.079	34503
13.089	34508
13.099	34503
13.109	34495
13.119	34488
13.129	34480
13.139	34469
13.149	34471
13.159	34466
13.169	34455
13.179	34434
13.189	34416
13.199	34409
13.209	34405
13.219	34392
13.229	34382
13.239	34385
13.249	34376
13.259	34366
13.269	34359
13.279	34351
13.289	34338
13.299	34343
13.309	34364
13.319	34367
13.329	34373
13.339	34381
13.349	34374
13.359	34370
13.369	34357
13.379	34355
13.389	34359
13.399	34363
13.409	34372
13.419	34371
13.429	34371
13.439	34357
13.449	34341
13.459	34323
13.469	34298
13.479	34269
13.489	34200
13.499	34141
13.509	34049
13.519	33916
13.529	33741
13.539	33604
13.549	33486
13.559	33392
13.569	33333
13.579	33294
13.589	33256
13.599	33213
13.609	33176
13.619	33138
13.629	33114
13.639	33087
13.649	33065
13.659	33049
13.669	33029
13.679	33005
13.689	32985
13.699	32966
13.709	32952
13.719	32931
13.729	32913
13.739	32885
13.749	32866
13.759	32838
13.769	32816
13.779	32796
13.789	32787
13.799	32779
13.809	32778
13.819	32777
13.829	32778
13.839	32777
13.849	32778
13.859	32779
13.869	32779
13.879	32782
13.889	32788
13.899	32799
13.909	32805
13.919	32818
13.929	32838
13.939	32848
13.949	32870
13.959	32894
13.969	32917
13.979	32944
13.989	32970
13.999	32981
14.009	33003
14.019	33013
14.029	33024
14.039	33049
14.049	33097
14.059	33157
14.069	33214
14.079	33251
14.089	33270
14.099	33289
14.109	33312
14.119	33327
14.129	33347
14.139	33380
14.149	33417
14.159	33471
14.169	33525
14.179	33575
14.189	33624
14.199	33657
14.209	33679
14.219	33697
14.229	33723
14.239	33755
14.249	33801
14.259	33846
14.269	33888
14.279	33919
14.289	33940
14.299	33956
14.309	33998
14.319	34047
14.329	34125
14.339	34185
14.349	34218
14.359	34223
14.369	34239
14.379	34254
14.389	34257
14.399	34273
14.409	34293
14.419	34324
14.429	34333
14.439	34351
14.449	34371
14.459	34384
14.469	34391
14.479	34403
14.489	34429
14.499	34451
14.509	34474
14.519	34486
14.529	34485
14.539	34477
14.549	34465
14.559	34457
14.569	34438
14.579	34412
14.589	34389
14.599	34369
14.609	34329
14.619	34263
14.629	34168
14.639	34073
14.649	33951
14.659	33818
14.669	33684
14.679	33561
14.689	33448
14.699	33355
14.709	33286
14.719	33199
14.729	33152
14.739	33082
14.749	33044
14.759	32999
14.769	32961
14.779	32931
14.789	32910
14.799	32893
14.809	32883
14.819	32882
14.829	32888
14.839	32894
14.849	32904
14.859	32911
14.869	32923
14.879	32936
14.889	32952
14.899	32965
14.909	32980
14.919	33001
14.929	33028
14.939	33046
14.949	33081
14.959	33110
14.969	33147
14.979	33188
14.989	33236
14.999	33313
15.009	33388
15.019	33458
15.029	33515
15.039	33560
15.049	33614
15.059	33683
15.069	33745
15.079	33833
15.089	33873
15.099	33917
15.109	33972
15.119	34034
15.129	34104
15.139	34157
15.149	34224
15.159	34306
15.169	34350
15.179	34414
15.193	34445
15.199	34464
15.209	34531
15.219	34633
15.229	34646
15.239	34667
15.249	34670
15.259	34664
15.269	34665
15.279	34662
15.289	34658
15.299	34660
15.309	34657
15.319	34626
15.329	34560
15.339	34470
15.349	34366
15.359	34233
15.369	34046
15.379	33830
15.389	33690
15.399	33560
15.409	33424
15.419	33308
15.429	33222
15.439	33149
15.449	33079
15.459	33038
15.469	33005
15.479	32982
15.489	32957
15.499	32944
15.509	32927
15.519	32928
15.529	32943
15.539	32987
15.549	33016
15.559	33078
15.569	33127
15.579	33203
15.589	33279
15.599	33360
15.609	33481
15.619	33556
15.629	33611
15.639	33755
15.649	33825
15.659	33868
15.669	33887
15.679	33921
15.689	33967
15.699	34049
15.709	34138
15.719	34210
15.729	34271
15.739	34351
15.749	34416
15.759	34490
15.769	34536
15.779	34581
15.789	34601
15.808	34600
15.818	34574
15.825	34563
15.829	34553
15.839	34513
15.849	34452
15.859	34362
15.869	34070
15.879	33945
15.889	33791
15.899	33640
15.909	33515
15.919	33404
15.929	33298
15.939	33193
15.949	33089
15.959	33028
15.969	32972
15.979	32922
15.989	32892
15.999	32876
16.009	32867
16.019	32876
16.029	32905
16.039	32942
16.049	33012
16.059	33051
16.069	33110
16.079	33127
16.089	33224
16.099	33301
16.109	33315
16.119	33357
16.129	33459
16.139	33541
16.149	33578
16.159	33652
16.169	33714
16.179	33741
16.189	33794
16.199	33859
16.209	33935
16.219	34006
16.229	34097
16.239	34152
16.249	34210
16.259	34250
16.269	34282
16.279	34323
16.289	34374
16.299	34415
16.309	34454
16.319	34473
16.329	34476
16.339	34461
16.349	34433
16.359	34366
16.369	34322
16.379	34248
16.389	34160
16.399	34051
16.409	33620
16.419	33466
16.429	33469
16.439	33374
16.449	33297
16.459	33211
16.469	33172
16.479	33129
16.489	33100
16.499	33076
16.509	33038
16.519	33004
16.529	32985
16.539	32969
16.549	32959
16.559	32958
16.569	32966
16.579	32968
16.589	32969
16.599	32963
16.609	32947
16.619	32937
16.629	32924
16.639	32917
16.649	32908
16.659	32906
16.669	32914
16.679	32926
16.689	32936
16.699	32946
16.709	32952
16.719	32950
16.729	32954
16.739	32953
16.749	32948
16.759	32937
16.769	32931
16.779	32925
16.789	32920
16.799	32920
16.809	32928
16.819	32932
16.829	32934
16.839	32941
16.849	32951
16.859	32951
16.869	32954
16.879	32950
16.889	32947
16.899	32945
16.909	32940
16.919	32943
16.929	32940
16.939	32941
16.949	32943
16.959	32943
16.969	32945
16.979	32945
16.989	32954
16.999	32964
17.009	32992
17.019	33003
17.029	33027
17.039	33061
17.049	33088
17.059	33110
17.069	33131
17.079	33143
17.089	33154
17.099	33162
17.109	33173
17.119	33175
17.129	33190
17.139	33204
17.149	33224
17.159	33242
17.169	33267
17.179	33285
17.189	33309
17.199	33317
17.209	33335
17.219	33353
17.229	33369
17.239	33394
17.249	33431
17.259	33466
17.269	33500
17.279	33540
17.289	33550
17.299	33576
17.309	33594
17.319	33610
17.329	33621
17.339	33632
17.349	33649
17.359	33668
17.369	33689
17.379	33718
17.389	33750
17.399	33782
17.409	33823
17.419	33845
17.429	33869
17.439	33888
17.449	33910
17.459	33944
17.469	33990
17.479	34032
17.489	34072
17.499	34113
17.509	34151
17.519	34174
17.529	34197
17.539	34235
17.549	34271
17.559	34297
17.569	34309
17.579	34326
17.589	34325
17.599	34314
17.609	34324
17.619	34315
17.629	34308
17.639	34317
17.649	34296
17.659	34251
17.669	34218
17.679	34192
17.689	34135
17.699	34087
17.709	34027
17.719	33977
17.729	33936
17.739	33871
17.749	33817
17.759	33752
17.769	33683
17.779	33609
17.789	33546
17.799	33473
17.809	33423
17.819	33362
17.829	33310
17.839	33253
17.849	33181
17.859	33132
17.869	33087
17.879	33038
17.889	32996
17.899	32970
17.909	32952
17.919	32938
17.929	32909
17.939	32872
17.949	32839
17.959	32811
17.969	32805
17.979	32796
17.989	32797
17.999	32798
18.009	32801
18.019	32803
18.029	32808
18.039	32812
18.049	32813
18.059	32815
18.069	32811
18.079	32804
18.089	32813
18.099	32804
18.109	32808
18.119	32811
18.129	32814
18.139	32806
18.149	32811
18.159	32812
18.169	32814
18.179	32803
18.189	32806
18.199	32800
18.209	32796
18.219	32792
18.229	32791
18.239	32788
18.249	32787
18.259	32788
18.269	32789
18.279	32789
18.289	32790
18.299	32784
18.309	32787
18.319	32785
18.329	32788
18.339	32784
18.349	32785
18.359	32784
18.369	32784
18.379	32785
18.389	32781
18.399	32780
18.409	32779
18.419	32778
18.429	32779
18.439	32780
18.449	32778
18.459	32778
18.469	32778
18.479	32778
18.489	32778
18.499	32778
18.509	32780
18.519	32782
18.529	32780
18.539	32780
18.549	32780
18.559	32781
18.569	32780
18.579	32783
18.589	32785
18.599	32787
18.609	32789
18.619	32790
18.629	32792
18.639	32790
18.649	32793
18.659	32799
18.669	32805
18.679	32806
18.689	32814
18.699	32810
18.709	32808
18.719	32808
18.729	32810
18.739	32816
18.749	32825
18.759	32830
18.769	32836
18.779	32834
18.789	32840
18.799	32845
18.809	32848
18.819	32854
18.829	32860
18.839	32862
18.849	32872
18.859	32883
18.869	32904
18.879	32910
18.889	32915
18.899	32920
18.909	32936
18.919	32945
18.929	32954
18.939	32963
18.949	32979
18.959	32989
18.969	33008
18.979	33022
18.989	33035
18.999	33050
19.009	33070
19.019	33091
19.029	33106
19.039	33137
19.049	33169
19.059	33201
19.069	33225
19.079	33252
19.089	33271
19.099	33280
19.109	33301
19.119	33324
19.129	33366
19.139	33420
19.149	33459
19.159	33488
19.169	33503
19.179	33515
19.189	33533
19.199	33560
19.209	33595
19.220	33621
19.230	33638
19.239	33646
19.249	33658
19.259	33670
19.269	33681
19.279	33708
19.289	33742
19.299	33770
19.309	33801
19.319	33839
19.329	33866
19.339	33890
19.349	33910
19.359	33940
19.369	33968
19.379	33972
19.389	33984
19.399	33991
19.409	33995
19.419	33999
19.429	34013
19.439	34015
19.449	33996
19.459	33943
19.469	33858
19.479	33767
19.489	33630
19.499	33501
19.509	33387
19.519	33297
19.529	33233
19.539	33163
19.549	33086
19.559	33019
19.569	32961
19.579	32909
19.589	32865
19.599	32828
19.609	32801
19.619	32783
19.629	32779
19.639	32777
19.649	32776
19.659	32776
19.669	32776
19.679	32775
19.689	32776
19.699	32776
19.709	32776
19.719	32775
19.729	32776
19.739	32775
19.749	32776
19.759	32777
19.769	32776
19.779	32776
19.789	32776
19.799	32776
19.809	32776
19.819	32775
19.829	32777
19.839	32777
19.849	32777
19.859	32776
19.869	32776
19.879	32777
19.889	32777
19.899	32777
19.909	32777
19.919	32776
19.929	32776
19.939	32776
19.949	32777
19.959	32775
19.969	32777
19.979	32776
19.989	32777
19.999	32776
20.009	32776
20.019	32777
20.029	32778
20.039	32777
20.049	32777
20.059	32777
20.069	32777
20.079	32777
20.089	32776
20.099	32776
20.109	32778
20.119	32777
20.129	32778
20.139	32777
20.149	32779
20.159	32778
20.169	32779
20.179	32779
20.189	32778
20.199	32779
20.209	32779
20.219	32778
20.229	32778
20.239	32777
20.249	32777
20.259	32777
20.269	32776
20.279	32776
20.289	32778
20.299	32777
20.309	32778
20.319	32778
20.329	32779
20.339	32777
20.349	32780
20.359	32779
20.369	32779
20.379	32778
20.389	32779
20.399	32777
20.409	32779
20.419	32778
20.429	32778
20.439	32778
20.449	32777
20.459	32777
20.469	32777
20.479	32777
20.489	32779
20.499	32778
20.509	32778
20.519	32777
20.529	32776
20.539	32776
20.549	32777
20.559	32778
20.569	32777
20.579	32776
20.589	32778
20.599	32777
20.609	32778
20.619	32776
20.629	32779
20.639	32778
20.649	32779
20.659	32778
20.669	32778
20.679	32776
20.689	32778
20.699	32777
20.709	32777
20.719	32778
20.729	32778
20.739	32777
20.749	32778
20.759	32778
20.769	32777
20.779	32776
20.789	32778
20.799	32777
20.809	32778
20.819	32777
20.829	32778
20.839	32778
20.849	32777
20.859	32778
20.869	32779
20.879	32777
20.889	32777
20.899	32778
20.909	32778
20.919	32776
20.929	32777
20.939	32778
20.949	32777
20.961	32778
20.969	32778
20.979	32778
20.989	32777
20.999	32777
21.009	32778
21.019	32778
21.029	32779
21.039	32778
21.049	32777
21.059	32778
21.069	32779
21.079	32778
21.089	32778
21.099	32778
21.109	32778
21.119	32779
21.129	32779
21.139	32778
21.149	32777
21.159	32777
21.169	32777
21.179	32778
21.189	32778
21.199	32778
21.209	32778
21.219	32778
21.229	32778
21.239	32778
21.249	32777
21.259	32777
21.269	32779
21.279	32777
21.289	32778
21.299	32779
21.309	32777
21.319	32778
21.329	32778
21.339	32776
21.349	32778
21.359	32779
21.369	32779
21.379	32778
21.389	32778
21.399	32779
21.409	32780
21.419	32777
21.429	32778
21.439	32779
21.449	32779
21.459	32779
21.469	32779
21.479	32779
21.489	32778
21.499	32777
21.509	32776
21.520	32777
21.529	32777
21.539	32778
21.549	32778
21.559	32777
21.569	32778
21.579	32778
21.589	32780
21.599	32777
21.609	32779
21.619	32778
21.629	32778
21.639	32778
21.649	32778
21.659	32778
21.669	32779
21.679	32777
21.689	32779
21.699	32778
21.709	32778
21.719	32777
21.729	32779
21.739	32778
21.749	32779
21.759	32778
21.769	32778
21.779	32778
21.789	32777
21.799	32779
21.809	32778
21.819	32779
21.829	32777
21.839	32778
21.849	32778
21.859	32777
21.869	32777
21.879	32778
21.889	32777
21.899	32778
21.909	32778
21.919	32778
21.929	32779
21.939	32778
21.949	32778
21.959	32779
21.969	32778
21.979	32778
21.989	32777
21.999	32778
22.009	32778
22.019	32777
22.029	32778
22.039	32778
22.049	32777
22.059	32778
22.069	32777
22.079	32778
22.089	32779
22.099	32779
22.109	32777
22.119	32777
22.129	32778
22.139	32777
22.149	32778
22.159	32778
22.169	32778
22.179	32777
22.189	32778
22.199	32778
22.209	32778
22.219	32778
22.229	32779
22.239	32777
22.249	32779
22.259	32779
22.269	32778
22.279	32779
22.289	32779
22.299	32778
22.309	32780
22.319	32778
22.329	32778
22.339	32779
22.349	32780
22.359	32780
22.369	32780
22.379	32783
22.389	32787
22.399	32791
22.409	32793
22.419	32799
22.429	32804
22.439	32808
22.449	32818
22.459	32826
22.469	32840
22.479	32848
22.489	32862
22.499	32878
22.509	32894
22.519	32909
22.529	32920
22.539	32930
22.549	32940
22.559	32957
22.569	32961
22.579	32964
22.589	32976
22.599	32976
22.609	32976
22.619	32987
22.629	32991
22.639	32994
22.649	32995
22.659	32997
22.669	32999
22.679	32990
22.689	32977
22.699	32962
22.709	32941
22.719	32932
22.729	32937
22.739	32928
22.749	32920
22.759	32915
22.769	32919
22.779	32933
22.789	32949
22.799	32969
22.809	33000
22.819	33011
22.829	33012
22.839	33007
22.849	33003
22.859	32998
22.869	33005
22.879	33021
22.889	33051
22.899	33075
22.909	33111
22.919	33135
22.929	33157
22.939	33175
22.949	33175
22.959	33161
22.969	33171
22.979	33183
22.989	33199
22.999	33215
23.009	33233
23.019	33239
23.029	33244
23.039	33257
23.049	33267
23.059	33257
23.069	33257
23.079	33255
23.089	33257
23.099	33251
23.109	33249
23.119	33232
23.129	33205
23.139	33192
23.149	33181
23.159	33153
23.169	33125
23.179	33080
23.189	33032
23.199	32978
23.209	32937
23.219	32897
23.229	32874
23.239	32848
23.249	32826
23.259	32813
23.269	32798
23.279	32795
23.289	32789
23.299	32783
23.309	32779
23.319	32776
23.329	32777
23.339	32776
23.349	32777
23.359	32776
23.369	32777
23.379	32776
23.389	32777
23.399	32777
23.409	32777
23.419	32777
23.429	32778
23.439	32777
23.449	32777
23.459	32778
23.469	32777
23.479	32776
23.489	32777
23.499	32776
23.509	32776
23.519	32776
23.529	32775
23.539	32776
23.549	32776
23.559	32775
23.569	32777
23.579	32777
23.589	32775
23.599	32776
23.609	32776
23.619	32776
23.629	32775
23.639	32776
23.649	32777
23.659	32775
23.669	32775
23.679	32777
23.689	32776
23.699	32769
23.709	32769
23.719	32769
23.729	32772
23.739	32776
23.749	32777
23.759	32778
23.769	32777
23.779	32776
23.789	32776
23.799	32776
23.809	32775
23.819	32776
23.829	32777
23.839	32777
23.849	32777
23.859	32776
23.869	32777
23.879	32776
23.889	32776
23.899	32777
23.909	32775
23.919	32775
23.929	32776
23.939	32776
23.949	32776
23.959	32776
23.969	32776
23.979	32776
23.989	32776
23.999	32775
24.009	32776
24.019	32776
24.029	32776
24.039	32776
24.049	32776
24.059	32775
24.069	32776
24.079	32775
24.089	32777
24.099	32777
24.109	32776
24.119	32776
24.129	32775
24.139	32776
24.149	32776
24.159	32776
24.169	32776
24.179	32776
24.189	32775
24.199	32776
24.209	32776
24.219	32777
24.229	32777
24.239	32776
24.249	32776
24.259	32775
24.269	32777
24.279	32776
24.289	32776
24.299	32777
24.309	32777
24.319	32776
24.329	32777
24.339	32777
24.349	32776
24.359	32776
24.369	32778
24.379	32777
24.389	32778
24.399	32777
24.409	32776
24.419	32777
24.429	32775
24.439	32777
24.449	32776
24.459	32775
24.469	32776
24.479	32776
24.489	32777
24.499	32777
24.509	32776
24.519	32776
24.529	32777
24.539	32776
24.549	32776
24.559	32775
24.569	32776
24.579	32777
24.589	32777
24.599	32777
24.609	32775
24.619	32776
24.629	32777
24.639	32777
24.649	32776
24.659	32776
24.669	32775
24.679	32776
24.689	32776
24.699	32776
24.709	32777
24.719	32775
24.729	32776
24.739	32777
24.749	32777
24.759	32776
24.769	32777
24.779	32777
24.789	32777
24.799	32777
24.809	32777
24.819	32777
24.829	32777
24.839	32777
24.849	32777
24.859	32777
24.869	32777
24.879	32777
24.889	32777
24.899	32777
24.909	32776
24.919	32777
24.929	32776
24.939	32776
24.949	32777
24.959	32778
24.969	32777
24.979	32778
24.989	32777
24.999	32776
25.009	32777
25.019	32777
25.029	32778
25.039	32776
25.049	32777
25.059	32776
25.069	32776
25.079	32777
25.089	32776
25.099	32775
25.109	32776
25.119	32776
25.129	32776
25.139	32777
25.149	32777
25.159	32776
25.169	32777
25.179	32776
25.189	32777
25.199	32777
25.209	32777
25.219	32777
25.229	32777
25.239	32776
25.249	32775
25.259	32776
25.269	32777
25.279	32777
25.289	32776
25.299	32778
25.309	32777
25.319	32777
25.329	32777
25.339	32777
25.349	32776
25.359	32778
25.369	32777
25.379	32777
25.390	32777
25.399	32777
25.409	32777
25.419	32777
25.429	32777
25.439	32776
25.449	32776
25.459	32775
25.469	32775
25.479	32777
25.489	32777
25.499	32775
25.509	32777
25.519	32776
25.529	32777
25.539	32776
25.549	32777
25.559	32776
25.569	32776
25.579	32777
25.589	32777
25.599	32778
25.609	32777
25.619	32777
25.629	32776
25.639	32775
25.649	32776
25.659	32775
25.669	32777
25.679	32777
25.689	32777
25.699	32777
25.709	32776
25.719	32776
25.729	32776
25.739	32776
25.749	32777
25.759	32776
25.769	32776
25.779	32777
25.789	32777
25.799	32776
25.809	32777
25.819	32776
25.829	32777
25.839	32775
25.849	32777
25.859	32777
25.869	32776
25.879	32777
25.889	32776
25.899	32777
25.909	32777
25.919	32776
25.929	32776
25.939	32776
25.949	32778
25.959	32777
25.969	32777
25.979	32776
25.989	32776
25.999	32776
26.009	32775
26.019	32776
26.029	32776
26.039	32778
26.049	32777
26.059	32776
26.069	32777
26.079	32776
26.089	32777
26.099	32776
26.109	32776
26.119	32777
26.129	32777
26.139	32776
26.149	32777
26.159	32776
26.169	32776
26.179	32776
26.189	32775
26.206	32776
26.214	32777
26.219	32776
26.229	32775
26.239	32776
26.249	32777
26.259	32777
26.269	32777
26.279	32776
26.289	32775
26.299	32776
26.309	32776
26.319	32777
26.329	32776
26.339	32776
26.349	32777
26.359	32775
26.369	32776
26.380	32776
26.389	32777
26.399	32775
26.409	32776
26.419	32776
26.431	32775
26.439	32776
26.456	32776
26.467	32776
26.473	32776
26.479	32776
26.489	32776
26.499	32776
26.509	32776
26.519	32777
26.529	32776
26.539	32778
26.549	32775
26.559	32775
26.569	32775
26.579	32777
26.589	32776
26.599	32776
26.609	32775
26.619	32775
26.629	32776
26.639	32775
26.649	32776
26.659	32776
26.669	32777
26.679	32777
26.689	32777
26.699	32775
26.709	32775
26.719	32776
26.729	32777
26.739	32776
26.749	32777
26.759	32777
26.769	32776
26.779	32777
26.789	32777
26.799	32776
26.809	32776
26.819	32776
26.829	32776
26.839	32776
26.849	32777
26.859	32777
26.869	32776
26.879	32778
26.889	32776
26.899	32777
26.909	32777
26.919	32777
26.929	32775
26.939	32778
26.949	32777
26.959	32776
26.969	32777
26.979	32775
26.989	32776
26.999	32777
27.009	32776
27.019	32777
27.029	32777
27.039	32777
27.049	32776
27.059	32776
27.069	32776
27.079	32776
27.089	32776
27.099	32776
27.109	32776
27.119	32776
27.129	32776
27.139	32776
27.149	32777
27.159	32776
27.169	32776
27.179	32776
27.189	32776
27.199	32777
27.209	32777
27.219	32777
27.229	32776
27.239	32777
27.249	32777
27.259	32776
27.269	32776
27.279	32777
27.289	32777
27.299	32776
27.309	32776
27.319	32776
27.329	32776
27.339	32777
27.349	32775
27.359	32776
27.369	32776
27.379	32777
27.389	32777
27.399	32777
27.409	32777
27.419	32778
27.429	32777
27.440	32776
27.449	32777
27.459	32777
27.469	32776
27.479	32776
27.489	32777
27.499	32776
27.509	32776
27.519	32776
27.529	32776
27.539	32777
27.549	32776
27.559	32777
27.569	32776
27.579	32777
27.589	32775
27.599	32775
27.609	32777
27.619	32776
27.629	32777
27.639	32776
27.649	32776
27.659	32778
27.669	32777
27.679	32776
27.689	32776
27.703	32777
27.713	32777
27.723	32777
27.733	32775
27.744	32776
27.757	32776
27.760	32777
27.769	32776
27.779	32776
27.789	32777
27.799	32776
27.809	32777
27.819	32776
27.829	32776
27.839	32776
27.849	32776
27.859	32776
27.869	32777
27.879	32776
27.889	32777
27.899	32777
27.909	32776
27.919	32776
27.929	32776
27.939	32776
27.949	32776
27.959	32777
27.969	32776
27.979	32775
27.989	32776
27.999	32777
28.009	32776
28.019	32777
28.029	32776
28.039	32776
28.049	32776
28.059	32777
28.069	32775
28.079	32777
28.089	32777
28.099	32775
28.109	32777
28.119	32776
28.129	32776
28.139	32777
28.149	32776
28.159	32776
28.169	32776
28.179	32777
28.189	32777
28.199	32776
28.209	32776
28.219	32776
28.229	32777
28.239	32777
28.249	32777
28.259	32777
28.269	32777
28.279	32777
28.289	32776
28.299	32776
28.309	32776
28.319	32776
28.329	32777
28.339	32776
28.349	32778
28.359	32776
28.369	32776
28.379	32776
28.389	32776
28.399	32776
28.409	32776
28.419	32775
28.429	32776
28.439	32776
28.449	32776
28.459	32776
28.469	32776
28.479	32777
28.489	32777
28.499	32777
28.509	32776
28.519	32775
28.529	32776
28.539	32777
28.549	32777
28.559	32777
28.569	32776
28.579	32775
28.589	32776
28.599	32777
28.609	32776
28.619	32776
28.629	32776
28.639	32777
28.649	32776
28.659	32776
28.669	32776
28.679	32776
28.689	32776
28.699	32776
28.709	32776
28.719	32777
28.729	32776
28.739	32777
28.749	32775
28.759	32777
28.769	32776
28.779	32776
28.789	32777
28.799	32776
28.809	32777
28.819	32776
28.829	32777
28.839	32776
28.849	32776
28.859	32776
28.869	32776
28.879	32777
28.889	32776
28.899	32777
28.909	32776
28.920	32776
28.929	32775
28.940	32776
28.949	32776
28.959	32777
28.969	32776
28.979	32776
28.989	32776
28.999	32776
29.009	32777
29.019	32775
29.029	32777
29.039	32775
29.049	32776
29.059	32776
29.069	32777
29.079	32776
29.089	32776
29.099	32778
29.109	32777
29.119	32776
29.129	32776
29.139	32777
29.149	32778
29.159	32776
29.169	32776
29.179	32776
29.189	32776
29.199	32777
29.209	32776
29.219	32776
29.229	32775
29.239	32776
29.249	32775
29.259	32776
29.269	32777
29.279	32776
29.289	32775
29.299	32776
29.309	32777
29.319	32777
29.329	32777
29.339	32776
29.349	32775
29.359	32777
29.369	32776
29.379	32776
29.389	32777
29.399	32776
29.409	32776
29.419	32776
29.429	32777
29.439	32775
29.449	32776
29.459	32778
29.469	32776
29.479	32776
29.489	32776
29.499	32777
29.509	32776
29.519	32776
29.529	32776
29.539	32776
29.549	32776
29.559	32777
29.569	32776
29.579	32777
29.589	32776
29.599	32775
29.609	32776
29.619	32776
29.629	32776
29.639	32776
29.649	32777
29.659	32776
29.669	32776
29.679	32777
29.689	32776
29.699	32776
29.709	32776
29.719	32776
29.729	32777
29.739	32777
29.749	32776
29.759	32776
29.769	32776
29.779	32776
29.789	32777
29.799	32777
29.809	32776
29.819	32776
29.829	32776
29.839	32777
29.849	32776
29.859	32777
29.869	32777
29.879	32776
29.889	32776
29.899	32776
29.909	32777
29.919	32776
29.929	32778
29.939	32778
29.949	32777
29.959	32777
29.969	32777
29.979	32776
29.989	32777
29.999	32776
30.009	32776
30.019	32778
30.029	32777
30.039	32776
30.049	32777
30.059	32776
30.069	32776
30.079	32777
30.089	32776
30.099	32776
30.109	32778
30.119	32776
30.129	32776
30.139	32776
30.149	32776
30.159	32777
30.169	32777
30.179	32776
30.189	32775
30.199	32776
30.209	32776
30.219	32775
30.229	32777
30.239	32776
30.249	32776
30.259	32777
30.269	32777
30.279	32776
30.289	32776
30.299	32777
30.309	32777
30.319	32776
30.329	32776
30.339	32776
30.349	32776
30.359	32777
30.369	32776
30.379	32776
30.389	32775
30.399	32776
30.409	32777
30.419	32777
30.429	32776
30.439	32776
30.449	32776
30.459	32776
30.469	32776
30.479	32777
30.489	32777
30.499	32776
30.509	32775
30.519	32776
30.529	32776
30.539	32776
30.549	32776
30.559	32776
30.569	32776
30.579	32777
30.589	32776
30.599	32776
30.609	32775
30.619	32776
30.629	32776
30.639	32776
30.649	32777
30.659	32776
30.669	32777
30.679	32777
30.689	32777
30.699	32776
30.709	32776
30.719	32777
30.729	32776
30.739	32777
30.749	32776
30.759	32776
30.769	32776
30.779	32777
30.789	32776
30.799	32777
30.809	32775
30.819	32776
30.829	32777
30.839	32776
30.849	32777
30.859	32776
30.869	32777
30.879	32776
30.889	32776
30.899	32777
30.909	32776
30.919	32777
30.929	32776
30.939	32777
30.949	32776
30.959	32776
30.969	32776
30.979	32776
30.989	32777
30.999	32776
31.009	32777
31.019	32775
31.029	32776
31.039	32776
31.049	32776
31.059	32777
31.069	32776
31.079	32776
31.089	32776
31.099	32777
31.109	32776
31.119	32777
31.129	32776
31.139	32776
31.149	32776
31.159	32777
31.169	32777
31.179	32777
31.189	32777
31.199	32776
31.209	32776
31.219	32777
31.229	32776
31.239	32777
31.249	32776
31.259	32777
31.269	32777
31.279	32776
31.289	32776
31.299	32776
31.309	32777
31.320	32775
31.329	32776
31.339	32776
31.349	32776
31.359	32776
31.369	32776
31.382	32776
31.391	32776
31.402	32776
31.409	32776
31.419	32776
31.429	32776
31.439	32776
31.449	32775
31.459	32777
31.469	32777
31.479	32776
31.489	32776
31.499	32776
31.509	32775
31.519	32778
31.529	32777
31.539	32778
31.549	32776
31.559	32776
31.569	32776
31.579	32777
31.589	32776
31.599	32777
31.609	32776
31.619	32777
31.629	32776
31.639	32776
31.649	32777
31.659	32777
31.669	32776
31.679	32776
31.689	32778
31.699	32776
31.709	32776
31.719	32777
31.729	32777
31.739	32777
31.749	32776
31.759	32778
31.769	32776
31.779	32775
31.789	32776
31.799	32777
31.809	32776
31.819	32777
31.829	32775
31.839	32776
31.849	32776
31.859	32778
31.869	32777
31.879	32777
31.889	32775
31.899	32777
31.909	32777
31.919	32777
31.929	32777
31.939	32777
31.949	32776
31.959	32775
31.969	32776
31.979	32777
31.989	32777
31.999	32777
32.009	32777
32.019	32776
32.029	32777
32.039	32776
32.049	32776
32.059	32776
32.069	32777
32.079	32776
32.089	32776
32.099	32777
32.109	32776
32.119	32777
32.129	32775
32.139	32776
32.149	32776
32.159	32776
32.169	32776
32.179	32775
32.189	32776
32.199	32776
32.209	32776
32.219	32777
32.229	32776
32.239	32776
32.249	32776
32.259	32777
32.269	32776
32.279	32776
32.289	32776
32.299	32776
32.309	32777
32.319	32777
32.329	32776
32.339	32777
32.349	32776
32.359	32777
32.369	32775
32.379	32777
32.389	32776
32.399	32776
32.409	32777
32.419	32776
32.429	32777
32.439	32776
32.449	32776
32.459	32777
32.469	32776
32.479	32776
32.489	32777
32.499	32776
32.509	32776
32.519	32777
32.529	32776
32.539	32777
32.549	32776
32.559	32777
32.569	32776
32.579	32776
32.589	32777
32.599	32778
32.609	32776
32.619	32777
32.629	32775
32.639	32776
32.649	32777
32.659	32776
32.669	32776
32.679	32776
32.689	32775
32.699	32777
32.709	32775
32.719	32777
32.729	32777
32.739	32777
32.749	32776
32.759	32776
32.769	32777
32.779	32776
32.789	32776
32.799	32776
32.809	32776
32.819	32776
32.829	32777
32.839	32777
32.849	32776
32.859	32776
32.869	32777
32.879	32776
32.889	32777
32.899	32776
32.909	32776
32.919	32777
32.929	32777
32.939	32776
32.949	32777
32.959	32776
32.969	32777
32.979	32777
32.989	32777
32.999	32775
33.009	32775
33.019	32776
33.029	32776
33.039	32776
33.049	32777
33.059	32776
33.069	32776
33.079	32776
33.089	32775
33.099	32776
33.109	32776
33.119	32776
33.129	32776
33.139	32777
33.149	32777
33.159	32776
33.169	32776
33.179	32777
33.189	32775
33.199	32777
33.209	32776
33.219	32777
33.229	32776
33.239	32777
33.249	32777
33.259	32777
33.269	32776
33.279	32778
33.289	32777
33.299	32776
33.309	32777
33.319	32777
33.329	32778
33.339	32778
33.349	32776
33.359	32777
33.369	32777
33.379	32777
33.389	32777
33.399	32777
33.409	32775
33.419	32775
33.429	32776
33.439	32777
33.449	32776
33.459	32777
33.469	32777
33.479	32776
33.489	32776
33.499	32776
33.509	32776
33.519	32775
33.529	32776
33.539	32776
33.549	32775
33.559	32775
33.569	32776
33.579	32777
33.589	32776
33.599	32776
33.609	32775
33.619	32778
33.629	32777
33.639	32777
33.649	32776
33.659	32777
33.669	32776
33.679	32776
33.689	32775
33.699	32776
33.709	32775
33.719	32777
33.729	32776
33.739	32776
33.749	32776
33.759	32775
33.769	32776
33.779	32776
33.789	32776
33.799	32776
33.809	32776
33.819	32777
33.829	32776
33.839	32776
33.849	32775
33.859	32776
33.869	32777
33.879	32776
33.889	32775
33.899	32777
33.909	32776
33.919	32776
33.929	32776
33.939	32775
33.949	32776
33.959	32776
33.969	32776
33.979	32776
33.989	32776
33.999	32776
34.009	32776
34.019	32776
34.029	32776
34.039	32777
34.049	32775
34.059	32776
34.069	32777
34.079	32776
34.089	32775
34.099	32776
34.109	32776
34.119	32777
34.129	32776
34.139	32778
34.149	32775
34.159	32776
34.169	32777
34.179	32776
34.189	32776
34.199	32777
34.209	32777
34.219	32777
34.229	32776
34.239	32777
34.249	32776
34.259	32777
34.269	32777
34.279	32776
34.289	32777
34.299	32777
34.309	32778
34.319	32778
34.329	32777
34.339	32778
34.349	32777
34.359	32776
34.369	32776
34.379	32776
34.389	32777
34.399	32777
34.409	32777
34.419	32777
34.429	32776
34.439	32777
34.449	32776
34.459	32777
34.469	32776
34.479	32775
34.489	32776
34.499	32777
34.509	32777
34.519	32776
34.529	32777
34.539	32776
34.549	32776
34.559	32778
34.569	32777
34.579	32776
34.589	32775
34.599	32776
34.609	32777
34.619	32777
34.629	32777
34.639	32777
34.649	32776
34.659	32777
34.669	32777
34.679	32776
34.689	32777
34.699	32777
34.709	32777
34.719	32776
34.729	32776
34.739	32776
34.749	32777
34.759	32777
34.769	32777
34.779	32776
34.789	32776
34.799	32777
34.809	32777
34.819	32777
34.829	32777
34.839	32776
34.849	32776
34.859	32777
34.869	32776
34.879	32776
34.889	32776
34.899	32776
34.909	32776
34.919	32776
34.929	32776
34.939	32777
34.949	32776
34.959	32777
34.969	32776
34.979	32776
34.989	32776
34.999	32776
35.009	32778
35.019	32776
35.029	32776
35.039	32776
35.049	32776
35.059	32777
35.069	32777
35.079	32777
35.089	32777
35.099	32778
35.109	32777
35.119	32776
35.129	32777
35.139	32777
35.149	32778
35.159	32777
35.169	32776
35.179	32777
35.189	32777
35.199	32777
35.209	32776
35.219	32776
35.229	32776
35.239	32777
35.249	32777
35.259	32777
35.269	32776
35.279	32776
35.289	32776
35.299	32777
35.309	32776
35.319	32776
35.329	32777
35.339	32776
35.349	32776
35.359	32776
35.369	32776
35.379	32777
35.389	32777
35.399	32776
35.409	32776
35.419	32777
35.429	32777
35.439	32776
35.449	32777
35.459	32777
35.469	32777
35.479	32776
35.489	32776
35.499	32777
35.509	32776
35.519	32777
35.529	32777
35.539	32777
35.549	32777
35.559	32777
35.569	32777
35.579	32778
35.589	32777
35.599	32778
35.609	32777
35.619	32777
35.629	32777
35.639	32777
35.649	32776
35.659	32776
35.669	32777
35.679	32777
35.689	32777
35.699	32777
35.709	32777
35.719	32777
35.729	32777
35.739	32777
35.749	32777
35.759	32778
35.770	32776
35.780	32777
35.789	32777
35.799	32777
35.809	32777
35.819	32777
35.829	32778
35.839	32777
35.849	32778
35.859	32777
35.869	32777
35.879	32777
35.889	32777
35.899	32776
35.909	32777
35.919	32777
35.929	32776
35.939	32776
35.949	32777
35.959	32775
35.969	32777
35.979	32776
35.989	32776
35.999	32777
36.009	32776
36.019	32777
36.029	32779
36.039	32782
36.049	32784
36.059	32789
36.069	32794
36.079	32805
36.089	32813
36.099	32826
36.109	32809
36.119	32789
36.129	32785
36.139	32789
36.149	32802
36.159	32817
36.169	32829
36.179	32830
36.189	32820
36.199	32800
36.209	32800
36.219	32799
36.229	32801
36.239	32804
36.249	32801
36.259	32804
36.269	32809
36.279	32808
36.289	32802
36.299	32802
36.309	32791
36.319	32799
36.329	32780
36.339	32777
36.349	32777
36.359	32776
36.369	32776
36.379	32776
36.389	32777
36.399	32777
36.409	32776
36.419	32777
36.429	32777
36.439	32777
36.449	32776
36.459	32777
36.469	32775
36.479	32776
36.489	32776
36.499	32776
36.509	32776
36.519	32776
36.529	32776
36.539	32776
36.549	32776
36.559	32776
36.569	32775
36.579	32778
36.589	32778
36.599	32776
36.609	32776
36.619	32776
36.629	32775
36.639	32777
36.649	32775
36.659	32775
36.669	32776
36.679	32777
36.689	32776
36.699	32778
36.709	32776
36.719	32776
36.729	32776
36.739	32776
36.749	32777
36.759	32777
36.769	32776
36.779	32776
36.789	32776
36.799	32776
36.809	32776
36.819	32776
36.829	32776
36.839	32776
36.849	32776
36.859	32777
36.869	32777
36.879	32777
36.889	32776
36.899	32775
36.909	32776
36.919	32777
36.929	32776
36.939	32777
36.949	32776
36.959	32777
36.969	32776
36.979	32776
36.989	32776
36.999	32777
37.009	32775
37.019	32777
37.029	32776
37.039	32777
37.049	32776
37.059	32776
37.069	32776
37.079	32776
37.089	32776
37.099	32777
37.109	32777
37.119	32776
37.129	32778
37.139	32777
37.149	32776
37.159	32776
37.169	32777
37.179	32777
37.189	32777
37.199	32777
37.209	32777
37.219	32777
37.229	32776
37.239	32775
37.249	32776
37.259	32777
37.269	32777
37.279	32777
37.289	32776
37.299	32776
37.310	32777
37.319	32777
37.329	32777
37.339	32802
37.349	32828
37.359	32833
37.369	32838
37.379	32835
37.389	32794
37.399	32789
37.409	32796
37.419	32801
37.429	32803
37.439	32806
37.449	32803
37.459	32796
37.469	32792
37.479	32791
37.489	32786
37.499	32785
37.509	32786
37.519	32785
37.529	32789
37.539	32837
37.549	32871
37.559	32900
37.569	32915
37.579	32929
37.589	32940
37.599	32955
37.609	32977
37.619	32990
37.629	33011
37.639	33026
37.649	33046
37.659	33062
37.669	33080
37.679	33105
37.689	33122
37.699	33140
37.710	33179
37.723	33193
37.731	33199
37.739	33214
37.749	33239
37.759	33274
37.769	33292
37.779	33323
37.789	33353
37.799	33387
37.809	33406
37.819	33427
37.829	33446
37.839	33462
37.849	33496
37.859	33541
37.869	33575
37.879	33597
37.889	33599
37.899	33596
37.909	33578
37.919	33571
37.929	33558
37.939	33554
37.949	33560
37.959	33568
37.969	33566
37.979	33587
37.989	33643
37.999	33666
38.009	33669
38.019	33653
38.029	33627
38.039	33651
38.049	33740
38.059	33782
38.069	33794
38.079	33799
38.089	33805
38.099	33812
38.109	33819
38.119	33828
38.129	33834
38.139	33846
38.149	33858
38.159	33868
38.169	33881
38.179	33892
38.189	33905
38.199	33915
38.209	33928
38.219	33932
38.229	33936
38.239	33945
38.249	33959
38.259	33965
38.269	33970
38.279	33997
38.289	34011
38.299	34022
38.309	34033
38.319	34023
38.329	34011
38.339	34009
38.349	34015
38.359	34031
38.369	34060
38.379	34091
38.389	34116
38.399	34151
38.409	34182
38.419	34190
38.429	34190
38.439	34193
38.449	34178
38.459	34140
38.469	34107
38.479	34075
38.489	34065
38.499	34067
38.509	34055
38.519	34055
38.529	34050
38.539	34043
38.549	34039
38.559	34016
38.569	33930
38.579	33925
38.589	34093
38.599	34204
38.609	34171
38.619	34070
38.629	33978
38.639	33914
38.649	33902
38.659	33913
38.669	33926
38.679	33906
38.689	33907
38.699	33933
38.709	33932
38.719	33911
38.729	33877
38.739	33843
38.749	33855
38.759	33877
38.769	33869
38.779	33853
38.789	33833
38.799	33831
38.809	33837
38.819	33812
38.829	33785
38.839	33786
38.849	33784
38.859	33779
38.869	33773
38.879	33748
38.889	33722
38.899	33721
38.909	33723
38.919	33725
38.929	33716
38.939	33702
38.949	33699
38.959	33677
38.969	33627
38.979	33658
38.989	33829
38.999	33815
39.009	33671
39.019	33613
39.029	33698
39.039	33716
39.049	33661
39.059	33660
39.069	33690
39.079	33686
39.089	33669
39.099	33676
39.109	33682
39.119	33667
39.129	33654
39.139	33662
39.149	33663
39.159	33647
39.169	33639
39.179	33642
39.189	33639
39.199	33634
39.209	33635
39.219	33636
39.229	33629
39.239	33629
39.249	33632
39.259	33634
39.269	33638
39.279	33639
39.289	33646
39.299	33635
39.309	33632
39.319	33633
39.329	33632
39.339	33643
39.349	33647
39.359	33655
39.369	33666
39.379	33671
39.389	33674
39.399	33687
39.409	33688
39.420	33668
39.429	33668
39.439	33678
39.449	33679
39.459	33670
39.469	33686
39.479	33731
39.489	33730
39.499	33727
39.509	33781
39.519	33810
39.529	33842
39.539	33820
39.549	33785
39.559	33788
39.569	33819
39.579	33841
39.589	33843
39.599	33831
39.609	33869
39.619	33913
39.629	33916
39.639	33898
39.649	33882
39.659	33909
39.669	33920
39.679	33941
39.689	33976
39.699	34022
39.709	34053
39.719	34057
39.729	34045
39.739	34058
39.749	34087
39.759	34115
39.769	34131
39.779	34142
39.789	34159
39.799	34171
39.809	34184
39.819	34205
39.829	34237
39.839	34247
39.849	34250
39.859	34255
39.869	34264
39.879	34271
39.889	34255
39.899	34248
39.909	34217
39.919	34200
39.929	34160
39.939	34135
39.949	34086
39.959	34040
39.969	34013
39.979	33965
39.989	33915
39.999	33878
40.009	33835
40.019	33783
40.029	33753
40.039	33749
40.049	33783
40.059	33824
40.069	33715
40.079	33621
40.089	33676
40.099	33711
40.109	33656
40.119	33623
40.129	33643
40.139	33681
40.149	33663
40.159	33617
40.169	33650
40.179	33672
40.189	33639
40.199	33630
40.209	33655
40.219	33648
40.229	33638
40.239	33649
40.249	33651
40.259	33643
40.269	33643
40.279	33647
40.289	33648
40.299	33646
40.309	33645
40.319	33648
40.329	33649
40.339	33645
40.349	33647
40.359	33650
40.369	33646
40.379	33648
40.389	33648
40.399	33647
40.409	33645
40.419	33649
40.429	33650
40.439	33648
40.449	33648
40.459	33646
40.469	33647
40.479	33643
40.489	33647
40.499	33667
40.509	33681
40.519	33666
40.529	33654
40.539	33670
40.549	33680
40.559	33673
40.569	33654
40.579	33653
40.589	33662
40.599	33659
40.609	33653
40.619	33665
40.629	33665
40.639	33665
40.649	33662
40.659	33654
40.669	33644
40.679	33642
40.689	33641
40.699	33641
40.709	33639
40.719	33643
40.729	33645
40.739	33649
40.749	33648
40.759	33648
40.769	33643
40.779	33638
40.789	33635
40.799	33633
40.809	33631
40.819	33632
40.829	33628
40.839	33621
40.849	33621
40.859	33620
40.869	33618
40.879	33618
40.889	33615
40.899	33614
40.909	33617
40.919	33623
40.929	33625
40.939	33622
40.949	33624
40.959	33624
40.969	33621
40.979	33618
40.989	33617
40.999	33619
41.009	33619
41.019	33615
41.029	33616
41.039	33620
41.049	33617
41.059	33612
41.069	33611
41.079	33611
41.089	33611
41.099	33609
41.109	33610
41.119	33615
41.129	33616
41.139	33616
41.149	33614
41.159	33616
41.169	33615
41.179	33613
41.189	33610
41.199	33615
41.209	33609
41.219	33610
41.229	33610
41.239	33611
41.249	33611
41.259	33610
41.269	33613
41.279	33617
41.289	33621
41.299	33622
41.309	33625
41.319	33627
41.329	33629
41.339	33624
41.349	33628
41.359	33634
41.369	33630
41.379	33631
41.389	33630
41.399	33628
41.409	33624
41.419	33624
41.429	33626
41.439	33624
41.449	33623
41.459	33623
41.469	33615
41.479	33618
41.489	33617
41.499	33619
41.509	33617
41.519	33618
41.529	33615
41.539	33616
41.549	33618
41.559	33619
41.569	33617
41.579	33620
41.589	33618
41.599	33623
41.609	33623
41.619	33627
41.629	33622
41.639	33623
41.649	33624
41.659	33622
41.669	33628
41.679	33634
41.689	33633
41.699	33628
41.745	33626
41.760	33628
41.770	33634
41.799	33630
41.809	33641
41.902	33637
41.952	33637
41.959	33634
42.004	33633
42.009	33638
42.019	33637
42.053	33644
42.068	33646
42.080	33639
42.089	33641
42.099	33645
42.109	33640
42.119	33640
42.129	33644
42.139	33641
42.149	33642
42.159	33640
42.169	33640
42.179	33644
42.189	33644
42.199	33640
42.209	33644
42.219	33646
42.229	33643
42.239	33644
42.249	33643
42.259	33647
42.269	33644
42.279	33644
42.289	33647
42.299	33640
42.309	33642
42.319	33645
42.329	33640
42.339	33641
42.349	33643
42.359	33646
42.369	33640
42.382	33643
42.389	33643
42.399	33643
42.409	33639
42.419	33642
42.429	33639
42.439	33640
42.449	33638
42.459	33641
42.469	33641
42.479	33640
42.489	33640
42.499	33647
42.509	33643
42.519	33646
42.529	33645
42.539	33646
42.549	33647
42.559	33650
42.569	33649
42.579	33649
42.589	33642
42.599	33648
42.609	33647
42.619	33651
42.629	33647
42.639	33649
42.649	33643
42.659	33647
42.669	33645
42.679	33648
42.689	33650
42.699	33648
42.709	33646
42.719	33649
42.729	33647
42.739	33649
42.749	33647
42.759	33649
42.769	33648
42.779	33647
42.789	33647
42.799	33645
42.809	33643
42.819	33648
42.829	33646
42.839	33643
42.849	33646
42.859	33644
42.869	33646
42.879	33648
42.889	33649
42.899	33648
42.909	33645
42.919	33647
42.929	33649
42.939	33647
42.949	33648
42.959	33649
42.969	33649
42.979	33649
42.989	33646
42.999	33649
43.009	33647
43.019	33648
43.029	33644
43.039	33647
43.049	33641
43.059	33647
43.069	33646
43.079	33647
43.089	33646
43.099	33647
43.109	33649
43.119	33649
43.129	33647
43.139	33645
43.149	33645
43.159	33647
43.169	33642
43.179	33649
43.189	33648
43.199	33647
43.209	33645
43.219	33649
43.229	33647
43.239	33647
43.249	33646
43.259	33647
43.269	33645
43.279	33648
43.289	33646
43.299	33649
43.309	33649
43.319	33650
43.329	33645
43.339	33646
43.349	33647
43.359	33648
43.369	33649
43.379	33650
43.389	33646
43.399	33647
43.409	33647
43.419	33646
43.429	33644
43.439	33646
43.449	33644
43.459	33645
43.469	33646
43.479	33649
43.489	33649
43.499	33646
43.509	33647
43.519	33648
43.529	33648
43.539	33645
43.549	33645
43.559	33648
43.569	33648
43.579	33648
43.589	33647
43.599	33648
43.609	33644
43.619	33644
43.629	33645
43.639	33646
43.649	33647
43.659	33647
43.670	33645
43.679	33650
43.690	33647
43.699	33650
43.709	33644
43.719	33645
43.729	33644
43.739	33651
43.749	33647
43.759	33649
43.769	33649
43.779	33650
43.789	33645
43.799	33648
43.809	33648
43.819	33644
43.829	33647
43.839	33649
43.849	33649
43.859	33646
43.869	33647
43.879	33650
43.889	33647
43.899	33649
43.909	33646
43.919	33643
43.929	33649
43.939	33649
43.949	33648
43.959	33652
43.969	33650
43.979	33643
43.989	33647
43.999	33647
44.009	33647
44.019	33647
44.029	33643
44.039	33647
44.049	33646
44.059	33645
44.069	33650
44.079	33647
44.089	33645
44.099	33646
44.109	33645
44.119	33648
44.129	33648
44.139	33646
44.149	33647
44.159	33645
44.169	33649
44.179	33649
44.189	33649
44.199	33647
44.209	33648
44.219	33648
44.229	33645
44.239	33648
44.249	33644
44.259	33647
44.269	33646
44.279	33644
44.289	33649
44.299	33648
44.309	33643
44.319	33645
44.329	33645
44.339	33644
44.349	33647
44.359	33648
44.369	33645
44.379	33646
44.389	33647
44.399	33647
44.409	33643
44.419	33646
44.429	33648
44.439	33645
44.449	33645
44.459	33647
44.469	33645
44.479	33643
44.489	33644
44.499	33647
44.509	33646
44.519	33648
44.529	33650
44.539	33651
44.549	33648
44.559	33646
44.569	33650
44.579	33647
44.589	33647
44.599	33645
44.609	33647
44.619	33651
44.629	33650
44.639	33651
44.649	33647
44.659	33649
44.669	33645
44.679	33644
44.689	33648
44.699	33650
44.709	33648
44.719	33652
44.729	33648
44.739	33647
44.749	33649
44.759	33650
44.769	33648
44.779	33644
44.789	33646
44.799	33649
44.809	33649
