# Oscilloscope Data

# Seconds	force_sensor_R.filtered_adc
0.000	32875
0.011	32873
0.019	32874
0.031	32873
0.039	32875
0.057	32877
0.068	32877
0.072	32876
0.081	32875
0.089	32876
0.100	32877
0.109	32874
0.119	32875
0.131	32874
0.150	32874
0.159	32876
0.171	32876
0.182	32873
0.189	32875
0.199	32874
0.209	32877
0.225	32875
0.248	32875
0.255	32875
0.259	32874
0.269	32874
0.280	32875
0.289	32874
0.300	32876
0.309	32876
0.319	32877
0.330	32874
0.339	32874
0.349	32877
0.359	32875
0.369	32874
0.380	32873
0.389	32874
0.399	32873
0.409	32873
0.419	32877
0.430	32873
0.439	32874
0.449	32875
0.459	32873
0.469	32874
0.480	32873
0.489	32874
0.499	32875
0.509	32874
0.519	32874
0.531	32872
0.543	32875
0.549	32873
0.559	32876
0.569	32873
0.580	32875
0.589	32875
0.599	32873
0.609	32874
0.619	32875
0.630	32874
0.639	32873
0.650	32872
0.659	32872
0.669	32871
0.680	32874
0.689	32873
0.699	32874
0.709	32875
0.719	32875
0.730	32873
0.739	32873
0.749	32873
0.760	32874
0.769	32874
0.780	32875
0.789	32872
0.799	32874
0.809	32872
0.819	32872
0.830	32871
0.839	32872
0.849	32873
0.859	32874
0.869	32874
0.880	32873
0.889	32875
0.899	32871
0.910	32875
0.919	32873
0.931	32873
0.940	32872
0.950	32875
0.959	32872
0.969	32872
0.980	32874
0.989	32873
0.999	32874
1.009	32874
1.019	32875
1.030	32874
1.039	32875
1.049	32872
1.059	32873
1.069	32875
1.080	32872
1.089	32872
1.099	32872
1.109	32875
1.119	32872
1.132	32871
1.139	32872
1.150	32872
1.159	32874
1.169	32871
1.180	32872
1.189	32875
1.199	32873
1.209	32874
1.219	32875
1.229	32873
1.239	32872
1.249	32874
1.259	32875
1.269	32873
1.279	32870
1.289	32875
1.299	32874
1.309	32874
1.319	32875
1.329	32875
1.339	32873
1.349	32873
1.359	32875
1.369	32873
1.380	32874
1.389	32874
1.399	32875
1.409	32874
1.419	32876
1.429	32874
1.439	32876
1.449	32875
1.459	32875
1.469	32874
1.480	32876
1.489	32873
1.499	32875
1.509	32874
1.519	32872
1.530	32873
1.539	32874
1.549	32873
1.559	32872
1.569	32871
1.579	32874
1.589	32874
1.599	32874
1.609	32874
1.619	32876
1.630	32872
1.639	32872
1.649	32877
1.659	32875
1.669	32876
1.680	32874
1.689	32876
1.699	32873
1.709	32873
1.719	32874
1.729	32873
1.739	32875
1.750	32876
1.759	32873
1.769	32875
1.780	32876
1.791	32874
1.799	32875
1.809	32873
1.819	32872
1.830	32876
1.839	32873
1.849	32873
1.859	32872
1.869	32876
1.880	32874
1.889	32874
1.899	32875
1.909	32875
1.919	32877
1.929	32872
1.939	32873
1.949	32873
1.959	32874
1.969	32872
1.980	32873
1.989	32874
1.999	32876
2.009	32872
2.019	32875
2.029	32874
2.039	32873
2.049	32874
2.059	32874
2.069	32873
2.079	32874
2.089	32875
2.099	32877
2.109	32874
2.119	32875
2.129	32874
2.139	32875
2.149	32872
2.159	32876
2.169	32876
2.179	32874
2.189	32875
2.199	32874
2.209	32875
2.219	32874
2.231	32872
2.239	32876
2.249	32874
2.259	32872
2.269	32874
2.279	32875
2.289	32875
2.299	32874
2.309	32874
2.325	32874
2.330	32872
2.339	32872
2.349	32874
2.359	32873
2.370	32876
2.380	32874
2.389	32875
2.399	32872
2.409	32877
2.419	32877
2.429	32876
2.439	32873
2.449	32875
2.459	32874
2.469	32877
2.480	32873
2.489	32874
2.499	32873
2.509	32875
2.519	32873
2.529	32875
2.539	32872
2.549	32875
2.559	32875
2.569	32876
2.579	32875
2.589	32874
2.599	32877
2.609	32875
2.619	32876
2.630	32875
2.639	32874
2.649	32873
2.659	32876
2.669	32874
2.679	32875
2.690	32873
2.699	32875
2.709	32875
2.719	32873
2.729	32875
2.739	32873
2.749	32875
2.760	32871
2.769	32874
2.779	32873
2.789	32873
2.799	32871
2.811	32871
2.819	32875
2.830	32873
2.839	32873
2.849	32872
2.859	32875
2.869	32872
2.879	32872
2.889	32875
2.899	32875
2.909	32872
2.919	32871
2.930	32873
2.939	32874
2.949	32873
2.959	32873
2.969	32871
2.979	32873
2.989	32872
2.999	32873
3.009	32873
3.019	32874
3.030	32874
3.039	32871
3.049	32874
3.059	32873
3.069	32874
3.079	32875
3.089	32874
3.099	32873
3.109	32876
3.119	32875
3.130	32874
3.139	32872
3.149	32875
3.159	32873
3.169	32873
3.180	32871
3.189	32875
3.199	32874
3.209	32878
3.219	32875
3.232	32874
3.242	32873
3.249	32872
3.259	32873
3.269	32874
3.280	32874
3.289	32871
3.308	32874
3.314	32875
3.322	32873
3.329	32872
3.339	32873
3.349	32874
3.359	32874
3.370	32873
3.382	32871
3.389	32873
3.399	32872
3.409	32873
3.419	32874
3.431	32873
3.441	32874
3.449	32873
3.459	32875
3.469	32874
3.479	32874
3.489	32872
3.499	32875
3.509	32873
3.519	32874
3.531	32873
3.539	32875
3.549	32872
3.559	32874
3.569	32874
3.579	32874
3.589	32872
3.599	32877
3.609	32875
3.619	32871
3.630	32874
3.639	32877
3.649	32873
3.659	32873
3.669	32874
3.679	32874
3.689	32875
3.699	32874
3.709	32873
3.719	32874
3.729	32872
3.739	32875
3.749	32873
3.759	32873
3.769	32876
3.780	32872
3.789	32870
3.799	32874
3.809	32875
3.819	32873
3.830	32873
3.839	32872
3.849	32873
3.859	32872
3.869	32872
3.880	32872
3.889	32875
3.899	32873
3.909	32872
3.919	32874
3.930	32876
3.939	32875
3.949	32874
3.959	32871
3.969	32875
3.979	32872
3.989	32873
3.999	32874
4.009	32873
4.019	32874
4.029	32873
4.039	32874
4.049	32874
4.059	32873
4.069	32875
4.080	32873
4.089	32871
4.099	32873
4.109	32873
4.119	32875
4.129	32870
4.139	32875
4.149	32875
4.159	32875
4.169	32875
4.179	32872
4.189	32873
4.199	32872
4.209	32875
4.219	32876
4.229	32874
4.239	32872
4.249	32872
4.259	32874
4.269	32873
4.279	32875
4.289	32874
4.299	32873
4.309	32875
4.319	32875
4.330	32872
4.339	32874
4.349	32872
4.359	32874
4.369	32872
4.380	32876
4.389	32874
4.399	32874
4.409	32874
4.419	32873
4.430	32873
4.439	32874
4.449	32874
4.459	32875
4.469	32873
4.480	32875
4.489	32875
4.499	32875
4.509	32875
4.519	32873
4.530	32871
4.539	32873
4.549	32870
4.559	32871
4.569	32874
4.579	32874
4.589	32875
4.599	32872
4.609	32874
4.619	32873
4.630	32873
4.639	32873
4.649	32870
4.659	32872
4.669	32873
4.680	32870
4.689	32872
4.699	32871
4.709	32873
4.719	32874
4.729	32874
4.739	32875
4.749	32872
4.763	32873
4.772	32872
4.779	32874
4.789	32873
4.799	32873
4.809	32874
4.819	32873
4.830	32875
4.839	32874
4.849	32876
4.860	32873
4.869	32872
4.879	32874
4.889	32874
4.899	32874
4.909	32871
4.919	32872
4.929	32873
4.939	32874
4.949	32875
4.959	32873
4.969	32873
4.981	32873
4.989	32872
4.999	32873
5.009	32873
5.019	32873
5.029	32872
5.039	32873
5.049	32871
5.059	32872
5.069	32875
5.079	32876
5.089	32874
5.099	32873
5.109	32874
5.119	32873
5.129	32872
5.139	32874
5.149	32873
5.159	32875
5.169	32874
5.179	32871
5.189	32876
5.199	32872
5.209	32872
5.219	32874
5.229	32873
5.239	32873
5.249	32873
5.259	32873
5.269	32874
5.280	32873
5.289	32873
5.299	32871
5.309	32873
5.319	32874
5.330	32873
5.339	32874
5.349	32873
5.359	32873
5.370	32876
5.379	32874
5.392	32872
5.399	32872
5.410	32872
5.419	32874
5.429	32873
5.439	32870
5.449	32873
5.459	32875
5.469	32872
5.479	32874
5.489	32872
5.499	32871
5.509	32874
5.519	32874
5.529	32873
5.539	32873
5.549	32875
5.559	32873
5.569	32873
5.579	32873
5.590	32874
5.599	32873
5.609	32873
5.619	32871
5.629	32874
5.639	32874
5.649	32872
5.659	32876
5.669	32872
5.708	32874
5.720	32874
5.730	32874
5.739	32874
5.749	32874
5.759	32873
5.769	32874
5.780	32871
5.789	32871
5.799	32870
5.809	32871
5.819	32873
5.829	32874
5.839	32873
5.859	32872
5.867	32873
5.871	32873
5.880	32871
5.889	32872
5.899	32873
5.909	32873
5.919	32873
5.930	32873
5.939	32873
5.949	32872
5.959	32873
5.969	32873
5.980	32873
5.989	32871
6.000	32871
6.009	32872
6.019	32870
6.031	32872
6.039	32873
6.049	32871
6.059	32872
6.069	32872
6.080	32874
6.089	32875
6.099	32873
6.109	32873
6.119	32874
6.139	32873
6.147	32871
6.151	32873
6.159	32873
6.169	32873
6.180	32874
6.190	32871
6.199	32875
6.209	32875
6.219	32875
6.230	32872
6.239	32873
6.249	32874
6.259	32873
6.269	32873
6.280	32872
6.289	32874
6.299	32873
6.310	32874
6.319	32874
6.331	32874
6.339	32871
6.349	32871
6.359	32871
6.369	32872
6.379	32873
6.389	32871
6.399	32873
6.409	32871
6.419	32873
6.430	32873
6.439	32871
6.449	32871
6.459	32873
6.469	32872
6.480	32872
6.489	32873
6.499	32871
6.509	32871
6.519	32872
6.529	32874
6.539	32872
6.549	32875
6.559	32872
6.569	32874
6.579	32872
6.589	32873
6.599	32871
6.609	32874
6.619	32874
6.629	32874
6.646	32874
6.650	32876
6.659	32873
6.669	32873
6.680	32873
6.689	32871
6.699	32872
6.709	32872
6.720	32873
6.729	32873
6.739	32872
6.749	32872
6.759	32874
6.770	32873
6.779	32875
6.789	32875
6.799	32874
6.809	32874
6.819	32875
6.829	32873
6.839	32875
6.849	32875
6.859	32873
6.869	32871
6.879	32873
6.889	32873
6.899	32873
6.909	32874
6.919	32872
6.930	32874
6.939	32875
6.949	32874
6.959	32873
6.969	32872
6.979	32875
6.989	32872
6.999	32874
7.009	32874
7.019	32873
7.030	32875
7.039	32876
7.049	32873
7.059	32874
7.069	32874
7.079	32874
7.089	32874
7.099	32870
7.109	32875
7.119	32873
7.130	32873
7.139	32873
7.149	32873
7.159	32874
7.169	32874
7.180	32873
7.189	32874
7.199	32873
7.209	32872
7.219	32874
7.229	32872
7.239	32873
7.250	32871
7.259	32873
7.269	32874
7.279	32871
7.289	32872
7.299	32873
7.309	32871
7.319	32872
7.331	32872
7.339	32873
7.349	32874
7.359	32871
7.369	32873
7.379	32870
7.390	32872
7.399	32873
7.409	32872
7.419	32873
7.430	32874
7.439	32875
7.449	32876
7.459	32873
7.469	32874
7.479	32872
7.489	32872
7.499	32874
7.509	32873
7.519	32873
7.530	32872
7.539	32872
7.549	32872
7.559	32876
7.569	32875
7.579	32872
7.589	32874
7.599	32873
7.609	32870
7.619	32875
7.629	32872
7.639	32873
7.649	32873
7.659	32875
7.669	32873
7.679	32873
7.689	32871
7.699	32874
7.709	32876
7.719	32873
7.730	32874
7.742	32873
7.749	32876
7.759	32873
7.769	32875
7.780	32874
7.789	32873
7.799	32871
7.809	32874
7.819	32873
7.830	32876
7.839	32872
7.849	32872
7.859	32873
7.871	32872
7.879	32872
7.889	32874
7.899	32873
7.909	32871
7.919	32873
7.931	32872
7.939	32872
7.955	32873
7.959	32872
7.969	32871
7.979	32873
7.989	32874
7.999	32874
8.009	32873
8.019	32871
8.030	32873
8.039	32873
8.049	32874
8.059	32875
8.069	32872
8.081	32870
8.089	32873
8.099	32875
8.109	32870
8.119	32871
8.130	32872
8.139	32873
8.149	32872
8.160	32872
8.169	32869
8.180	32871
8.189	32875
8.199	32872
8.209	32870
8.219	32872
8.230	32870
8.239	32872
8.249	32871
8.259	32871
8.269	32872
8.279	32871
8.289	32870
8.299	32870
8.309	32871
8.319	32873
8.331	32873
8.339	32872
8.349	32873
8.359	32873
8.369	32871
8.379	32872
8.389	32874
8.399	32875
8.409	32871
8.419	32868
8.430	32872
8.439	32873
8.449	32873
8.459	32873
8.469	32873
8.480	32872
8.489	32871
8.499	32872
8.509	32871
8.519	32872
8.529	32873
8.539	32872
8.549	32870
8.559	32871
8.569	32873
8.580	32873
8.589	32872
8.599	32872
8.610	32871
8.619	32869
8.631	32872
8.639	32873
8.649	32870
8.659	32873
8.669	32870
8.679	32870
8.689	32868
8.699	32871
8.709	32872
8.719	32873
8.729	32871
8.739	32872
8.749	32873
8.759	32873
8.773	32874
8.783	32872
8.789	32872
8.799	32871
8.809	32873
8.819	32871
8.829	32874
8.839	32870
8.849	32871
8.859	32872
8.869	32869
8.879	32872
8.889	32872
8.899	32873
8.909	32875
8.919	32871
8.931	32870
8.939	32870
8.949	32870
8.959	32871
8.970	32873
8.980	32873
8.989	32872
8.999	32874
9.009	32875
9.019	32873
9.030	32869
9.039	32871
9.049	32874
9.059	32872
9.069	32873
9.080	32875
9.089	32873
9.099	32873
9.109	32872
9.119	32873
9.129	32873
9.139	32872
9.149	32873
9.159	32874
9.169	32873
9.180	32874
9.189	32874
9.199	32872
9.209	32871
9.219	32871
9.229	32872
9.239	32873
9.249	32873
9.259	32874
9.269	32873
9.280	32871
9.289	32872
9.299	32872
9.309	32872
9.319	32873
9.330	32876
9.339	32871
9.349	32872
9.359	32872
9.369	32873
9.379	32871
9.389	32874
9.399	32873
9.409	32874
9.419	32871
9.430	32873
9.439	32873
9.449	32875
9.459	32874
9.469	32874
9.479	32874
9.489	32875
9.499	32874
9.509	32872
9.522	32874
9.530	32871
9.539	32873
9.549	32871
9.559	32871
9.569	32873
9.579	32872
9.589	32872
9.599	32873
9.609	32872
9.619	32873
9.630	32872
9.641	32875
9.649	32872
9.659	32874
9.670	32873
9.679	32873
9.689	32875
9.699	32875
9.709	32873
9.719	32873
9.729	32871
9.739	32872
9.749	32871
9.759	32873
9.769	32875
9.779	32874
9.789	32874
9.799	32871
9.809	32871
9.819	32872
9.830	32874
9.839	32872
9.849	32871
9.860	32872
9.869	32874
9.880	32875
9.889	32872
9.899	32873
9.909	32876
9.919	32873
9.929	32874
9.939	32873
9.949	32871
9.959	32872
9.969	32872
9.979	32872
9.989	32874
10.000	32873
10.009	32872
10.019	32874
10.030	32873
10.039	32873
10.049	32873
10.059	32870
10.069	32872
10.079	32873
10.089	32872
10.099	32873
10.113	32872
10.119	32872
10.130	32873
10.139	32872
10.149	32871
10.159	32870
10.169	32872
10.179	32875
10.189	32873
10.202	32872
10.209	32874
10.221	32870
10.229	32872
10.239	32871
10.249	32874
10.259	32875
10.269	32873
10.279	32873
10.289	32873
10.299	32871
10.309	32873
10.319	32873
10.330	32872
10.339	32871
10.349	32873
10.359	32874
10.369	32871
10.379	32874
10.389	32872
10.399	32872
10.409	32871
10.419	32873
10.432	32872
10.439	32871
10.449	32874
10.459	32874
10.469	32871
10.479	32869
10.489	32872
10.499	32874
10.513	32874
10.519	32874
10.530	32872
10.539	32872
10.549	32874
10.559	32871
10.570	32871
10.580	32871
10.589	32869
10.599	32872
10.609	32871
10.626	32872
10.630	32872
10.639	32870
10.649	32871
10.659	32871
10.669	32871
10.679	32871
10.689	32873
10.699	32871
10.709	32872
10.719	32871
10.730	32869
10.740	32872
10.749	32871
10.759	32872
10.769	32871
10.780	32872
10.789	32873
10.799	32873
10.809	32872
10.819	32872
10.830	32874
10.839	32873
10.849	32872
10.859	32871
10.869	32875
10.879	32872
10.889	32871
10.899	32873
10.909	32872
10.919	32874
10.930	32873
10.939	32872
10.949	32872
10.959	32870
10.969	32872
10.979	32872
10.989	32872
10.999	32870
11.009	32872
11.019	32872
11.030	32873
11.039	32873
11.049	32874
11.059	32873
11.069	32873
11.079	32873
11.089	32872
11.099	32871
11.109	32873
11.119	32871
11.130	32873
11.139	32873
11.149	32871
11.159	32872
11.177	32871
11.184	32872
11.189	32873
11.199	32872
11.209	32870
11.219	32872
11.229	32874
11.239	32870
11.249	32873
11.259	32872
11.269	32871
11.279	32873
11.289	32872
11.299	32869
11.309	32872
11.319	32871
11.330	32872
11.348	32870
11.355	32874
11.359	32874
11.369	32873
11.379	32871
11.389	32870
11.399	32873
11.409	32874
11.419	32871
11.430	32873
11.439	32871
11.449	32870
11.459	32869
11.469	32872
11.479	32871
11.489	32871
11.499	32875
11.509	32870
11.519	32873
11.529	32871
11.539	32873
11.549	32870
11.561	32871
11.569	32870
11.579	32872
11.589	32872
11.599	32874
11.609	32871
11.623	32871
11.632	32872
11.639	32871
11.649	32873
11.659	32873
11.669	32872
11.679	32871
11.689	32871
11.699	32872
11.709	32873
11.719	32875
11.731	32871
11.740	32873
11.749	32873
11.759	32873
11.769	32873
11.779	32873
11.789	32872
11.799	32869
11.809	32871
11.819	32870
11.829	32871
11.839	32869
11.853	32872
11.859	32873
11.869	32869
11.880	32873
11.889	32873
11.899	32873
11.909	32872
11.919	32872
11.929	32874
11.939	32872
11.949	32873
11.959	32873
11.969	32873
11.979	32871
11.989	32873
11.999	32872
12.009	32871
12.019	32874
12.030	32873
12.039	32871
12.049	32873
12.061	32873
12.069	32872
12.079	32874
12.089	32873
12.099	32872
12.109	32870
12.119	32875
12.130	32872
12.139	32873
12.149	32874
12.159	32873
12.169	32874
12.179	32874
12.189	32871
12.199	32873
12.209	32871
12.219	32875
12.229	32873
12.239	32872
12.249	32873
12.259	32874
12.269	32874
12.279	32872
12.289	32874
12.299	32874
12.309	32870
12.319	32871
12.330	32876
12.339	32873
12.349	32874
12.359	32871
12.369	32873
12.380	32872
12.389	32871
12.399	32872
12.409	32872
12.419	32873
12.430	32872
12.439	32872
12.449	32873
12.459	32873
12.469	32870
12.480	32869
12.489	32870
12.499	32872
12.509	32871
12.519	32871
12.529	32871
12.539	32873
12.549	32875
12.559	32875
12.569	32873
12.579	32872
12.589	32874
12.599	32872
12.609	32873
12.619	32873
12.630	32872
12.640	32871
12.649	32874
12.659	32873
12.669	32873
12.679	32873
12.689	32874
12.699	32873
12.709	32871
12.719	32872
12.729	32873
12.739	32871
12.749	32873
12.759	32871
12.769	32869
12.779	32869
12.789	32871
12.799	32870
12.809	32872
12.819	32871
12.830	32873
12.839	32874
12.849	32874
12.859	32873
12.869	32870
12.879	32871
12.889	32871
12.899	32870
12.909	32873
12.919	32873
12.929	32873
12.939	32873
12.949	32872
12.959	32870
12.970	32872
12.979	32870
12.989	32873
12.999	32873
13.009	32872
13.019	32871
13.029	32870
13.039	32873
13.049	32874
13.059	32873
13.069	32874
13.079	32872
13.089	32875
13.099	32873
13.109	32871
13.119	32872
13.129	32871
13.139	32871
13.149	32869
13.159	32872
13.169	32874
13.179	32869
13.189	32873
13.199	32873
13.209	32872
13.229	32869
13.240	32869
13.249	32871
13.264	32872
13.272	32873
13.281	32872
13.298	32871
13.303	32872
13.310	32870
13.319	32872
13.329	32872
13.339	32874
13.349	32873
13.359	32872
13.369	32869
13.380	32868
13.389	32870
13.399	32874
13.409	32869
13.419	32872
13.430	32872
13.439	32874
13.449	32873
13.459	32873
13.469	32870
13.480	32873
13.489	32870
13.499	32873
13.509	32872
13.519	32872
13.529	32872
13.539	32869
13.549	32873
13.559	32870
13.570	32869
13.579	32872
13.590	32871
13.599	32871
13.609	32870
13.619	32871
13.629	32871
13.639	32871
13.649	32871
13.659	32871
13.669	32872
13.680	32872
13.689	32872
13.699	32870
13.709	32872
13.719	32870
13.730	32874
13.739	32871
13.749	32870
13.759	32871
13.769	32873
13.779	32872
13.789	32872
13.799	32871
13.809	32868
13.819	32873
13.830	32874
13.839	32871
13.849	32872
13.859	32872
13.870	32872
13.879	32872
13.889	32871
13.899	32872
13.909	32870
13.919	32872
13.929	32870
13.939	32871
13.949	32874
13.959	32874
13.969	32872
13.980	32874
13.989	32874
13.999	32871
14.009	32872
14.019	32872
14.030	32874
14.039	32874
14.049	32875
14.059	32871
14.069	32870
14.080	32873
14.091	32871
14.101	32873
14.109	32872
14.119	32872
14.133	32873
14.139	32874
14.149	32873
14.159	32872
14.169	32872
14.179	32872
14.189	32874
14.199	32873
14.209	32872
14.219	32874
14.229	32872
14.239	32872
14.249	32873
14.259	32875
14.269	32872
14.279	32873
14.289	32870
14.299	32872
14.309	32873
14.319	32872
14.330	32872
14.339	32871
14.349	32872
14.359	32875
14.369	32872
14.380	32875
14.389	32873
14.399	32875
14.409	32872
14.419	32871
14.429	32872
14.439	32874
14.449	32870
14.459	32872
14.469	32873
14.479	32873
14.489	32874
14.499	32873
14.511	32872
14.519	32872
14.529	32872
14.539	32873
14.549	32872
14.559	32872
14.569	32871
14.580	32872
14.591	32872
14.599	32871
14.609	32873
14.619	32872
14.630	32873
14.639	32871
14.649	32873
14.659	32874
14.669	32875
14.679	32872
14.689	32875
14.699	32873
14.709	32872
14.719	32872
14.730	32872
14.739	32874
14.749	32872
14.759	32870
14.769	32872
14.779	32875
14.789	32870
14.799	32873
14.809	32871
14.819	32874
14.829	32871
14.839	32873
14.849	32873
14.859	32872
14.869	32872
14.880	32874
14.889	32875
14.899	32873
14.913	32872
14.919	32871
14.930	32873
14.939	32870
14.949	32873
14.959	32874
14.969	32873
14.979	32872
14.989	32870
15.001	32870
15.009	32872
15.019	32874
15.029	32870
15.039	32871
15.049	32870
15.059	32872
15.069	32873
15.079	32868
15.089	32873
15.099	32872
15.109	32872
15.119	32871
15.129	32870
15.139	32872
15.149	32874
15.159	32875
15.169	32874
15.179	32872
15.189	32875
15.199	32872
15.209	32874
15.219	32875
15.229	32873
15.239	32873
15.249	32870
15.259	32874
15.269	32873
15.279	32873
15.289	32872
15.299	32873
15.309	32870
15.319	32872
15.329	32874
15.339	32870
15.349	32871
15.359	32872
15.369	32872
15.379	32871
15.389	32874
15.399	32873
15.409	32875
15.419	32872
15.429	32874
15.439	32874
15.449	32873
15.459	32873
15.469	32873
15.480	32872
15.489	32873
15.499	32874
15.509	32871
15.519	32872
15.530	32869
15.539	32871
15.549	32871
15.559	32869
15.569	32868
15.579	32870
15.589	32870
15.599	32873
15.609	32873
15.619	32875
15.632	32872
15.639	32870
15.649	32872
15.659	32873
15.669	32871
15.679	32873
15.689	32869
15.699	32870
15.709	32873
15.719	32872
15.730	32872
15.739	32875
15.749	32871
15.759	32871
15.769	32870
15.780	32872
15.789	32872
15.799	32874
15.809	32870
15.819	32873
15.829	32873
15.839	32872
15.849	32872
15.859	32871
15.869	32873
15.880	32872
15.889	32872
15.899	32868
15.909	32871
15.919	32870
15.929	32872
15.939	32872
15.949	32870
15.959	32872
15.969	32872
15.979	32870
15.989	32869
15.999	32871
16.009	32869
16.019	32873
16.030	32873
16.039	32870
16.049	32873
16.059	32873
16.069	32873
16.079	32872
16.089	32870
16.099	32870
16.109	32871
16.119	32871
16.130	32872
16.139	32874
16.149	32874
16.159	32873
16.169	32872
16.179	32872
16.189	32870
16.199	32871
16.209	32872
16.219	32872
16.229	32872
16.239	32872
16.249	32873
16.259	32873
16.269	32872
16.279	32872
16.289	32870
16.299	32874
16.309	32872
16.319	32869
16.331	32873
16.339	32874
16.354	32874
16.359	32871
16.369	32874
16.379	32870
16.389	32872
16.399	32871
16.409	32871
16.419	32873
16.430	32872
16.439	32873
16.449	32874
16.459	32873
16.469	32871
16.480	32872
16.489	32873
16.499	32871
16.509	32870
16.519	32872
16.531	32871
16.539	32873
16.549	32874
16.559	32870
16.569	32871
16.579	32870
16.589	32872
16.599	32875
16.609	32871
16.619	32871
16.629	32874
16.639	32872
16.649	32871
16.659	32872
16.669	32872
16.680	32871
16.689	32872
16.699	32870
16.709	32872
16.719	32872
16.730	32871
16.739	32870
16.749	32871
16.759	32873
16.769	32873
16.779	32872
16.789	32870
16.799	32872
16.809	32873
16.819	32871
16.830	32871
16.839	32872
16.849	32871
16.859	32873
16.869	32873
16.879	32875
16.889	32873
16.899	32872
16.909	32870
16.919	32871
16.930	32872
16.939	32873
16.949	32872
16.959	32871
16.969	32872
16.979	32870
16.989	32871
16.999	32872
17.009	32868
17.019	32871
17.029	32874
17.039	32871
17.049	32871
17.059	32871
17.069	32872
17.079	32871
17.089	32871
17.099	32872
17.109	32871
17.119	32872
17.129	32872
17.139	32871
17.149	32872
17.159	32870
17.169	32872
17.179	32874
17.189	32873
17.199	32872
17.209	32872
17.219	32873
17.230	32872
17.239	32875
17.249	32872
17.259	32872
17.269	32872
17.279	32872
17.289	32875
17.299	32871
17.309	32874
17.319	32875
17.329	32873
17.339	32874
17.349	32872
17.360	32872
17.369	32872
17.379	32873
17.389	32871
17.399	32872
17.409	32873
17.419	32872
17.429	32870
17.439	32874
17.449	32871
17.459	32873
17.469	32873
17.479	32873
17.489	32872
17.499	32872
17.509	32872
17.519	32873
17.529	32873
17.539	32872
17.549	32874
17.559	32872
17.569	32870
17.580	32872
17.589	32871
17.599	32873
17.609	32873
17.619	32873
17.630	32873
17.639	32872
17.649	32873
17.659	32873
17.669	32874
17.679	32874
17.689	32873
17.699	32872
17.709	32875
17.724	32874
17.729	32873
17.739	32871
17.749	32872
17.759	32872
17.769	32874
17.782	32875
17.789	32870
17.800	32875
17.809	32873
17.819	32875
17.829	32871
17.839	32872
17.849	32873
17.859	32874
17.869	32873
17.880	32869
17.889	32873
17.899	32868
17.909	32873
17.919	32872
17.929	32873
17.939	32872
17.949	32874
17.959	32873
17.971	32872
17.980	32872
17.989	32873
17.999	32871
18.009	32870
18.019	32869
18.030	32874
18.041	32874
18.049	32872
18.059	32871
18.069	32872
18.080	32871
18.089	32874
18.099	32872
18.109	32872
18.119	32872
18.130	32873
18.139	32873
18.149	32872
18.159	32874
18.169	32871
18.180	32873
18.191	32871
18.199	32873
18.209	32872
18.219	32870
18.230	32871
18.239	32873
18.249	32872
18.259	32874
18.269	32873
18.279	32871
18.289	32873
18.299	32873
18.309	32873
18.319	32873
18.329	32874
18.339	32871
18.349	32874
18.359	32874
18.369	32869
18.382	32870
18.389	32870
18.399	32871
18.409	32871
18.419	32870
18.429	32876
18.439	32871
18.449	32871
18.459	32870
18.469	32872
18.480	32872
18.489	32873
18.499	32873
18.509	32870
18.519	32872
18.530	32873
18.539	32870
18.549	32872
18.559	32871
18.569	32873
18.579	32872
18.589	32873
18.599	32871
18.609	32871
18.619	32872
18.630	32872
18.639	32873
18.649	32872
18.659	32871
18.669	32872
18.680	32873
18.689	32872
18.701	32872
18.709	32875
18.719	32872
18.729	32872
18.739	32869
18.749	32871
18.759	32871
18.769	32871
18.779	32870
18.789	32871
18.800	32872
18.809	32874
18.819	32874
18.830	32874
18.839	32874
18.849	32873
18.859	32872
18.869	32872
18.880	32873
18.889	32870
18.899	32873
18.910	32871
18.919	32873
18.929	32870
18.939	32873
18.949	32872
18.959	32872
18.969	32874
18.979	32873
18.989	32872
18.999	32870
19.009	32872
19.019	32870
19.029	32871
19.039	32870
19.049	32873
19.059	32872
19.069	32872
19.079	32872
19.089	32871
19.099	32873
19.110	32873
19.120	32872
19.129	32873
19.139	32875
19.149	32873
19.159	32871
19.169	32873
19.180	32872
19.189	32874
19.199	32873
19.209	32873
19.219	32872
19.230	32873
19.239	32873
19.249	32874
19.259	32872
19.269	32875
19.280	32871
19.289	32872
19.299	32873
19.309	32870
19.319	32870
19.329	32871
19.339	32873
19.349	32874
19.359	32871
19.369	32874
19.380	32873
19.389	32872
19.399	32873
19.409	32871
19.419	32870
19.429	32873
19.439	32870
19.449	32875
19.459	32873
19.469	32873
19.480	32874
19.489	32870
19.499	32872
19.509	32871
19.519	32871
19.529	32873
19.539	32875
19.549	32871
19.559	32873
19.569	32874
19.580	32871
19.589	32873
19.599	32874
19.609	32870
19.619	32871
19.629	32874
19.639	32873
19.649	32872
19.659	32874
19.669	32872
19.679	32873
19.689	32873
19.699	32873
19.709	32872
19.719	32874
19.729	32871
19.739	32870
19.749	32872
19.759	32871
19.769	32868
19.779	32872
19.789	32869
19.799	32870
19.809	32869
19.819	32870
19.829	32871
19.839	32870
19.849	32871
19.859	32871
19.869	32875
19.880	32872
19.889	32872
19.899	32871
19.909	32870
19.919	32871
19.930	32873
19.939	32871
19.950	32871
19.959	32870
19.969	32870
19.981	32873
19.989	32873
19.999	32871
20.009	32872
20.019	32871
20.030	32871
20.039	32872
20.049	32872
20.059	32869
20.069	32872
20.080	32873
20.089	32871
20.099	32872
20.109	32872
20.119	32871
20.129	32872
20.139	32872
20.149	32873
20.159	32871
20.169	32871
20.180	32871
20.189	32872
20.199	32874
20.209	32872
20.219	32870
20.230	32871
20.240	32872
20.249	32869
20.259	32872
20.269	32872
20.279	32872
20.289	32873
20.299	32871
20.309	32872
20.319	32871
20.329	32871
20.339	32868
20.349	32872
20.359	32871
20.369	32871
20.379	32872
20.389	32872
20.399	32870
20.409	32871
20.419	32872
20.429	32871
20.439	32870
20.449	32871
20.459	32871
20.469	32871
20.481	32871
20.489	32870
20.499	32871
20.509	32872
20.519	32871
20.529	32871
20.539	32871
20.549	32869
20.559	32871
20.569	32871
20.579	32871
20.589	32871
20.599	32871
20.609	32872
20.619	32873
20.630	32872
20.639	32871
20.649	32870
20.659	32869
20.669	32870
20.679	32870
20.689	32872
20.699	32872
20.709	32871
20.719	32871
20.729	32872
20.739	32872
20.749	32871
20.759	32870
20.769	32872
20.780	32871
20.789	32872
20.799	32873
20.809	32871
20.819	32871
20.830	32869
20.839	32870
20.849	32873
20.859	32870
20.869	32870
20.881	32872
20.889	32872
20.899	32873
20.909	32873
20.919	32875
20.929	32872
20.939	32873
20.949	32871
20.959	32870
20.969	32871
20.979	32871
20.989	32873
20.999	32871
21.009	32871
21.019	32869
21.030	32870
21.039	32871
21.049	32869
21.059	32873
21.069	32872
21.079	32871
21.089	32872
21.099	32872
21.109	32871
21.119	32871
21.129	32870
21.139	32872
21.149	32873
21.159	32871
21.169	32871
21.180	32872
21.189	32873
21.199	32872
21.209	32869
21.219	32873
21.230	32872
21.239	32871
21.249	32869
21.259	32872
21.269	32873
21.279	32872
21.289	32871
21.299	32874
21.309	32875
21.319	32872
21.329	32871
21.339	32873
21.349	32873
21.359	32872
21.369	32870
21.379	32875
21.389	32870
21.399	32870
21.409	32872
21.419	32871
21.429	32872
21.439	32868
21.449	32871
21.459	32873
21.469	32873
21.479	32872
21.489	32871
21.499	32872
21.509	32874
21.519	32870
21.529	32872
21.539	32872
21.549	32871
21.559	32870
21.569	32872
21.579	32869
21.589	32872
21.599	32873
21.609	32870
21.619	32873
21.629	32872
21.639	32872
21.649	32873
21.659	32872
21.669	32873
21.679	32872
21.689	32872
21.699	32872
21.709	32872
21.719	32872
21.729	32874
21.739	32874
21.749	32870
21.759	32871
21.769	32872
21.781	32870
21.789	32870
21.799	32871
21.809	32872
21.819	32873
21.829	32874
21.839	32874
21.849	32870
21.859	32870
21.869	32871
21.880	32869
21.889	32872
21.899	32872
21.909	32870
21.919	32873
21.929	32870
21.939	32872
21.949	32872
21.959	32872
21.969	32871
21.979	32871
21.989	32874
21.999	32874
22.009	32871
22.019	32871
22.030	32871
22.039	32872
22.049	32868
22.059	32872
22.069	32874
22.079	32872
22.089	32873
22.099	32870
22.109	32873
22.119	32872
22.129	32872
22.139	32870
22.149	32872
22.159	32870
22.169	32875
22.180	32871
22.189	32872
22.199	32875
22.209	32872
22.219	32873
22.229	32873
22.239	32873
22.249	32872
22.259	32872
22.269	32871
22.280	32872
22.289	32871
22.299	32871
22.309	32872
22.319	32874
22.329	32871
22.339	32871
22.349	32869
22.359	32870
22.369	32873
22.379	32868
22.389	32869
22.399	32872
22.409	32872
22.419	32872
22.429	32872
22.439	32870
22.449	32870
22.459	32873
22.469	32872
22.479	32872
22.489	32873
22.499	32871
22.509	32871
22.519	32873
22.529	32871
22.539	32871
22.549	32873
22.559	32873
22.569	32873
22.579	32869
22.589	32871
22.599	32872
22.609	32872
22.619	32874
22.629	32872
22.639	32873
22.649	32872
22.659	32870
22.669	32872
22.679	32872
22.689	32871
22.699	32871
22.709	32871
22.719	32869
22.729	32871
22.739	32873
22.749	32872
22.759	32870
22.769	32872
22.779	32871
22.789	32871
22.799	32871
22.809	32872
22.819	32872
22.829	32872
22.839	32872
22.849	32872
22.859	32872
22.869	32872
22.882	32872
22.889	32871
22.899	32872
22.909	32870
22.919	32872
22.929	32871
22.939	32873
22.949	32872
22.959	32873
22.969	32872
22.980	32872
22.989	32869
22.999	32872
23.009	32875
23.019	32872
23.029	32873
23.039	32871
23.049	32874
23.059	32872
23.069	32869
23.079	32870
23.089	32870
23.099	32872
23.113	32872
23.119	32871
23.132	32870
23.139	32871
23.149	32872
23.159	32871
23.169	32873
23.179	32870
23.196	32872
23.205	32873
23.210	32871
23.219	32872
23.229	32872
23.239	32869
23.249	32871
23.259	32873
23.269	32871
23.280	32871
23.290	32873
23.308	32873
23.314	32871
23.319	32872
23.330	32872
23.339	32872
23.349	32872
23.359	32872
23.369	32871
23.380	32872
23.389	32872
23.399	32871
23.409	32870
23.419	32870
23.430	32871
23.439	32872
23.449	32871
23.459	32871
23.469	32872
23.479	32871
23.489	32874
23.499	32871
23.509	32871
23.519	32872
23.529	32873
23.539	32870
23.549	32867
23.559	32871
23.569	32872
23.580	32871
23.589	32872
23.599	32873
23.609	32873
23.619	32872
23.629	32872
23.639	32869
23.649	32872
23.659	32872
23.669	32870
23.679	32872
23.689	32872
23.699	32870
23.709	32871
23.719	32872
23.729	32871
23.739	32867
23.749	32870
23.759	32874
23.769	32871
23.779	32872
23.789	32873
23.799	32874
23.809	32874
23.819	32873
23.829	32871
23.839	32872
23.849	32873
23.859	32872
23.869	32873
23.879	32870
23.889	32874
23.899	32872
23.909	32873
23.919	32871
23.930	32870
23.939	32869
23.949	32869
23.959	32872
23.969	32871
23.979	32872
23.989	32870
23.999	32872
24.009	32869
24.019	32871
24.030	32872
24.039	32871
24.049	32873
24.059	32872
24.069	32873
24.081	32871
24.089	32871
24.099	32872
24.109	32872
24.119	32871
24.129	32872
24.139	32869
24.149	32872
24.159	32870
24.169	32871
24.179	32870
24.189	32871
24.199	32871
24.209	32872
24.219	32872
24.229	32872
24.239	32874
24.249	32872
24.259	32871
24.269	32870
24.279	32871
24.289	32874
24.299	32872
24.309	32872
24.323	32870
24.334	32871
24.340	32870
24.349	32872
24.359	32870
24.369	32870
24.380	32873
24.389	32870
24.399	32873
24.409	32870
24.419	32869
24.429	32870
24.439	32871
24.452	32871
24.459	32871
24.470	32873
24.480	32867
24.489	32870
24.499	32874
24.509	32874
24.519	32871
24.530	32872
24.539	32872
24.549	32873
24.559	32878
24.569	32871
24.581	32870
24.590	32869
24.599	32873
24.609	32873
24.619	32869
24.630	32871
24.639	32869
24.649	32872
24.659	32870
24.672	32872
24.679	32872
24.689	32869
24.699	32872
24.709	32871
24.719	32870
24.730	32870
24.739	32871
24.749	32871
24.759	32870
24.769	32870
24.779	32870
24.789	32874
24.799	32873
24.809	32872
24.819	32870
24.829	32872
24.846	32873
24.849	32872
24.859	32872
24.869	32874
24.880	32871
24.889	32873
24.899	32875
24.910	32870
24.919	32871
24.929	32869
24.939	32871
24.949	32873
24.959	32873
24.969	32870
24.979	32872
24.989	32872
24.999	32872
25.009	32871
25.019	32869
25.029	32870
25.039	32871
25.049	32872
25.059	32873
25.069	32873
25.080	32873
25.089	32872
25.099	32872
25.109	32873
25.119	32869
25.130	32872
25.139	32870
25.149	32870
25.159	32872
25.169	32872
25.179	32869
25.189	32869
25.199	32871
25.209	32868
25.219	32874
25.229	32870
25.239	32871
25.249	32873
25.259	32868
25.269	32870
25.279	32870
25.289	32870
25.299	32872
25.309	32872
25.320	32870
25.329	32870
25.343	32870
25.349	32872
25.359	32873
25.369	32869
25.379	32872
25.389	32870
25.399	32872
25.409	32872
25.419	32871
25.429	32869
25.439	32872
25.449	32873
25.459	32872
25.469	32872
25.479	32872
25.489	32871
25.499	32872
25.509	32872
25.519	32870
25.529	32870
25.539	32869
25.549	32872
25.559	32868
25.569	32872
25.579	32873
25.589	32874
25.599	32874
25.609	32871
25.619	32871
25.629	32869
25.639	32870
25.650	32873
25.659	32870
25.669	32871
25.680	32871
25.689	32870
25.699	32871
25.709	32869
25.719	32872
25.729	32872
25.739	32873
25.749	32874
25.759	32871
25.769	32869
25.779	32871
25.789	32871
25.799	32871
25.809	32871
25.819	32873
25.830	32871
25.839	32870
25.849	32869
25.859	32869
25.869	32871
25.879	32870
25.889	32868
25.899	32870
25.909	32871
25.919	32870
25.929	32871
25.939	32869
25.949	32870
25.959	32872
25.969	32870
25.980	32873
25.998	32870
26.002	32873
26.009	32873
26.019	32872
26.029	32871
26.039	32869
26.049	32870
26.059	32871
26.069	32871
26.080	32870
26.089	32869
26.099	32873
26.109	32874
26.119	32873
26.129	32872
26.139	32872
26.149	32871
26.159	32870
26.169	32872
26.179	32870
26.189	32870
26.199	32871
26.209	32870
26.219	32872
26.229	32871
26.239	32873
26.249	32870
26.259	32871
26.269	32872
26.279	32868
26.291	32870
26.299	32871
26.309	32873
26.319	32869
26.329	32871
26.339	32872
26.349	32871
26.359	32869
26.369	32873
26.379	32871
26.389	32871
26.399	32871
26.409	32871
26.419	32871
26.429	32870
26.439	32870
26.449	32871
26.459	32872
26.469	32871
26.480	32872
26.489	32874
26.499	32869
26.509	32872
26.520	32870
26.529	32870
26.539	32870
26.549	32867
26.559	32873
26.569	32872
26.579	32871
26.589	32869
26.599	32872
26.609	32874
26.619	32872
26.629	32872
26.639	32871
26.649	32873
26.659	32871
26.669	32872
26.679	32872
26.689	32870
26.699	32871
26.709	32871
26.719	32870
26.729	32870
26.739	32871
26.749	32871
26.759	32870
26.769	32870
26.780	32870
26.789	32870
26.799	32872
26.809	32873
26.819	32871
26.829	32872
26.839	32872
26.849	32869
26.859	32873
26.869	32872
26.879	32870
26.889	32870
26.899	32870
26.909	32871
26.919	32871
26.929	32869
26.939	32873
26.949	32873
26.959	32871
26.969	32869
26.985	32870
26.992	32871
26.999	32869
27.009	32871
27.022	32870
27.029	32870
27.039	32870
27.049	32871
27.059	32870
27.069	32871
27.079	32872
27.089	32871
27.099	32869
27.109	32872
27.119	32871
27.129	32870
27.139	32870
27.149	32870
27.159	32869
27.169	32870
27.181	32870
27.190	32869
27.199	32869
27.209	32873
27.219	32871
27.229	32871
27.239	32869
27.249	32871
27.259	32871
27.269	32872
27.279	32872
27.289	32869
27.299	32870
27.309	32868
27.319	32873
27.330	32870
27.339	32873
27.349	32872
27.359	32870
27.369	32870
27.379	32869
27.389	32870
27.399	32871
27.409	32870
27.419	32870
27.429	32870
27.439	32871
27.449	32871
27.459	32869
27.469	32869
27.479	32871
27.489	32872
27.499	32871
27.509	32872
27.519	32872
27.529	32872
27.539	32869
27.549	32873
27.559	32871
27.569	32870
27.579	32871
27.589	32871
27.599	32870
27.609	32872
27.619	32871
27.629	32871
27.639	32871
27.649	32870
27.659	32871
27.669	32871
27.680	32871
27.689	32870
27.699	32868
27.709	32870
27.722	32871
27.729	32870
27.739	32872
27.749	32870
27.759	32870
27.769	32870
27.779	32871
27.789	32872
27.799	32871
27.809	32872
27.821	32869
27.829	32872
27.841	32870
27.849	32869
27.859	32868
27.869	32871
27.880	32868
27.889	32871
27.899	32868
27.910	32870
27.919	32871
27.929	32872
27.939	32871
27.949	32871
27.959	32871
27.969	32870
27.979	32873
27.989	32871
27.999	32869
28.009	32870
28.019	32871
28.029	32870
28.039	32869
28.049	32871
28.059	32870
28.069	32870
28.079	32871
28.089	32869
28.099	32870
28.109	32869
28.119	32872
28.129	32869
28.139	32870
28.149	32868
28.159	32872
28.169	32869
28.179	32868
28.189	32867
28.199	32870
28.209	32871
28.219	32869
28.229	32872
28.239	32869
28.249	32872
28.259	32868
28.269	32872
28.280	32868
28.289	32869
28.299	32871
28.309	32869
28.319	32871
28.329	32873
28.339	32869
28.349	32871
28.359	32872
28.371	32871
28.379	32873
28.389	32872
28.399	32872
28.409	32870
28.419	32867
28.434	32870
28.439	32871
28.449	32872
28.459	32871
28.469	32873
28.479	32870
28.489	32873
28.499	32873
28.510	32873
28.519	32871
28.529	32872
28.539	32869
28.549	32871
28.559	32872
28.569	32872
28.579	32867
28.589	32871
28.599	32872
28.609	32872
28.619	32871
28.629	32874
28.639	32872
28.649	32871
28.659	32869
28.669	32871
28.680	32870
28.689	32873
28.699	32871
28.709	32869
28.719	32869
28.729	32871
28.739	32871
28.749	32869
28.760	32870
28.769	32872
28.780	32870
28.789	32870
28.799	32872
28.809	32871
28.819	32872
28.829	32869
28.839	32870
28.849	32870
28.859	32868
28.869	32872
28.879	32871
28.889	32870
28.899	32869
28.909	32870
28.919	32869
28.929	32871
28.939	32871
28.949	32869
28.959	32872
28.970	32873
28.980	32870
28.989	32872
28.999	32869
29.009	32872
29.019	32871
29.029	32869
29.039	32870
29.049	32871
29.059	32872
29.069	32871
29.080	32871
29.089	32871
29.099	32870
29.109	32871
29.119	32871
29.130	32871
29.139	32871
29.149	32869
29.159	32870
29.169	32868
29.180	32871
29.189	32872
29.199	32871
29.209	32872
29.219	32872
29.229	32872
29.239	32872
29.249	32874
29.259	32873
29.269	32874
29.279	32871
29.289	32871
29.299	32873
29.309	32871
29.319	32868
29.329	32871
29.339	32872
29.349	32869
29.359	32872
29.369	32871
29.379	32871
29.389	32871
29.399	32871
29.409	32871
29.419	32870
29.430	32871
29.439	32870
29.449	32871
29.459	32867
29.469	32870
29.479	32870
29.489	32869
29.499	32870
29.509	32870
29.519	32870
29.529	32870
29.539	32871
29.549	32872
29.559	32872
29.569	32872
29.579	32872
29.589	32871
29.599	32871
29.609	32871
29.619	32869
29.630	32870
29.639	32870
29.649	32872
29.659	32872
29.669	32870
29.680	32869
29.690	32868
29.699	32869
29.709	32870
29.719	32870
29.729	32870
29.739	32872
29.749	32867
29.759	32871
29.769	32872
29.780	32870
29.789	32869
29.799	32873
29.809	32870
29.819	32870
29.830	32869
29.839	32871
29.850	32872
29.859	32870
29.869	32870
29.880	32872
29.889	32871
29.899	32869
29.909	32869
29.919	32871
29.929	32870
29.939	32869
29.949	32871
29.959	32868
29.969	32869
29.980	32871
29.989	32870
29.999	32870
30.009	32869
30.019	32870
30.029	32872
30.039	32869
30.049	32871
30.059	32872
30.069	32869
30.079	32871
30.089	32872
30.099	32868
30.109	32869
30.119	32868
30.129	32871
30.139	32869
30.149	32868
30.159	32871
30.169	32871
30.180	32870
30.189	32870
30.199	32867
30.209	32870
30.219	32871
30.229	32871
30.239	32869
30.249	32872
30.259	32870
30.269	32870
30.280	32872
30.289	32870
30.299	32871
30.309	32870
30.319	32871
30.329	32870
30.339	32871
30.349	32871
30.359	32870
30.369	32871
30.380	32870
30.389	32872
30.399	32871
30.409	32872
30.419	32871
30.429	32871
30.439	32871
30.449	32868
30.459	32870
30.469	32871
30.479	32871
30.489	32870
30.499	32871
30.509	32869
30.519	32871
30.529	32867
30.539	32870
30.549	32870
30.559	32871
30.569	32868
30.579	32869
30.589	32869
30.599	32869
30.609	32869
30.619	32869
30.629	32870
30.639	32870
30.649	32869
30.659	32873
30.669	32870
30.679	32869
30.689	32871
30.699	32871
30.709	32870
30.719	32872
30.729	32867
30.739	32870
30.749	32869
30.759	32868
30.769	32871
30.779	32870
30.789	32871
30.799	32870
30.809	32871
30.819	32869
30.829	32869
30.839	32868
30.849	32871
30.859	32871
30.869	32870
30.880	32872
30.889	32869
30.899	32871
30.909	32871
30.919	32873
30.929	32872
30.939	32871
30.949	32870
30.959	32870
30.969	32870
30.979	32872
30.993	32870
30.999	32870
31.009	32871
31.019	32870
31.029	32869
31.039	32873
31.049	32872
31.059	32870
31.069	32871
31.079	32869
31.089	32873
31.099	32871
31.109	32869
31.119	32871
31.129	32870
31.139	32871
31.149	32869
31.159	32871
31.169	32871
31.179	32871
31.189	32871
31.199	32871
31.209	32870
31.219	32870
31.229	32871
31.239	32869
31.249	32871
31.259	32871
31.269	32872
31.279	32872
31.289	32869
31.299	32870
31.309	32869
31.320	32871
31.329	32870
31.339	32871
31.349	32872
31.359	32872
31.373	32873
31.382	32872
31.391	32871
31.399	32869
31.409	32871
31.419	32871
31.429	32872
31.439	32869
31.449	32871
31.459	32871
31.469	32871
31.480	32869
31.489	32871
31.500	32872
31.509	32872
31.519	32871
31.529	32873
31.539	32871
31.549	32873
31.559	32869
31.569	32871
31.580	32873
31.589	32869
31.599	32869
31.609	32870
31.619	32870
31.629	32870
31.639	32870
31.649	32872
31.659	32871
31.669	32871
31.679	32872
31.689	32869
31.699	32870
31.709	32871
31.719	32871
31.729	32872
31.739	32868
31.749	32872
31.759	32872
31.769	32871
31.779	32870
31.789	32873
31.799	32870
31.809	32869
31.819	32872
31.829	32872
31.839	32869
31.849	32872
31.859	32871
31.869	32871
31.880	32872
31.891	32870
31.899	32872
31.909	32869
31.919	32870
31.931	32872
31.939	32871
31.949	32871
31.959	32869
31.969	32871
31.980	32869
31.989	32871
31.999	32870
32.009	32868
32.019	32871
32.030	32870
32.039	32871
32.049	32870
32.059	32870
32.069	32868
32.079	32869
32.089	32871
32.099	32869
32.109	32870
32.119	32869
32.129	32871
32.139	32870
32.149	32873
32.159	32872
32.169	32873
32.180	32871
32.189	32871
32.199	32870
32.214	32871
32.221	32870
32.229	32868
32.239	32872
32.249	32874
32.259	32874
32.269	32870
32.279	32871
32.289	32869
32.299	32870
32.312	32871
32.324	32869
32.330	32872
32.339	32870
32.357	32870
32.360	32872
32.369	32872
32.380	32868
32.392	32869
32.399	32871
32.409	32869
32.419	32870
32.430	32871
32.439	32870
32.449	32869
32.459	32869
32.469	32870
32.480	32871
32.489	32872
32.499	32873
32.509	32871
32.519	32873
32.529	32870
32.539	32868
32.549	32871
32.559	32870
32.569	32872
32.579	32870
32.589	32870
32.599	32872
32.609	32870
32.619	32869
32.630	32870
32.641	32871
32.649	32871
32.659	32870
32.669	32870
32.680	32872
32.689	32872
32.699	32871
32.709	32872
32.719	32872
32.729	32870
32.739	32871
32.750	32871
32.759	32871
32.769	32868
32.779	32870
32.789	32872
32.799	32871
32.809	32873
32.819	32871
32.829	32871
32.839	32872
32.849	32870
32.859	32868
32.869	32868
32.880	32870
32.889	32867
32.899	32868
32.909	32872
32.919	32871
32.929	32870
32.939	32869
32.949	32873
32.959	32870
32.969	32869
32.980	32871
32.989	32871
32.999	32871
33.009	32871
33.019	32868
33.030	32873
33.039	32870
33.049	32870
33.059	32868
33.069	32870
33.079	32874
33.089	32870
33.099	32870
33.109	32871
33.119	32869
33.130	32870
33.139	32872
33.149	32871
33.159	32869
33.169	32868
33.180	32868
33.189	32871
33.199	32870
33.209	32872
33.219	32871
33.229	32871
33.243	32871
33.249	32868
33.259	32871
33.269	32871
33.279	32868
33.289	32868
33.299	32869
33.309	32873
33.319	32870
33.330	32872
33.339	32870
33.349	32870
33.359	32870
33.369	32870
33.380	32870
33.389	32872
33.399	32869
33.409	32871
33.419	32872
33.430	32871
33.439	32869
33.449	32871
33.459	32872
33.469	32870
33.480	32868
33.489	32867
33.499	32871
33.509	32871
33.519	32870
33.529	32871
33.539	32871
33.549	32870
33.559	32870
33.569	32868
33.580	32868
33.589	32869
33.599	32867
33.609	32869
33.619	32870
33.630	32871
33.639	32870
33.649	32870
33.659	32871
33.669	32870
33.679	32870
33.689	32872
33.699	32871
33.709	32868
33.719	32872
33.729	32869
33.739	32871
33.749	32872
33.759	32869
33.769	32871
33.779	32871
33.789	32871
33.799	32872
33.809	32871
33.819	32872
33.829	32870
33.839	32870
33.849	32872
33.859	32870
33.869	32869
33.879	32868
33.889	32871
33.899	32869
33.909	32869
33.919	32866
33.929	32872
33.939	32872
33.949	32870
33.959	32873
33.969	32872
33.979	32871
33.989	32870
33.999	32872
34.009	32870
34.019	32870
34.029	32872
34.039	32871
34.049	32869
34.059	32869
34.069	32869
34.079	32871
34.089	32869
34.099	32870
34.109	32868
34.119	32870
34.129	32868
34.139	32868
34.149	32869
34.168	32867
34.171	32868
34.179	32868
34.189	32870
34.199	32871
34.209	32871
34.219	32868
34.229	32871
34.239	32870
34.249	32868
34.259	32871
34.269	32871
34.280	32870
34.289	32872
34.299	32868
34.309	32869
34.319	32872
34.329	32871
34.339	32869
34.349	32869
34.359	32869
34.369	32869
34.379	32871
34.389	32869
34.399	32871
34.409	32869
34.419	32869
34.430	32868
34.439	32870
34.449	32870
34.459	32870
34.469	32869
34.480	32869
34.489	32870
34.499	32870
34.509	32870
34.519	32870
34.529	32868
34.539	32870
34.549	32869
34.561	32870
34.577	32870
34.582	32872
34.589	32870
34.599	32868
34.609	32869
34.619	32871
34.630	32870
34.639	32870
34.649	32868
34.659	32867
34.669	32870
34.679	32871
34.689	32867
34.699	32869
34.709	32870
34.719	32868
34.730	32870
34.739	32871
34.749	32871
34.759	32871
34.770	32870
34.779	32869
34.789	32869
34.799	32869
34.809	32871
34.819	32872
34.829	32871
34.839	32870
34.849	32873
34.859	32870
34.869	32870
34.879	32871
34.889	32868
34.899	32871
34.909	32870
34.919	32869
34.929	32869
34.939	32870
34.949	32868
34.959	32869
34.969	32870
34.980	32873
34.989	32868
34.999	32871
35.009	32871
35.019	32869
35.029	32870
35.039	32870
35.049	32869
35.059	32870
35.070	32871
35.079	32869
35.089	32870
35.099	32872
35.109	32869
35.119	32873
35.129	32869
35.139	32870
35.149	32870
35.159	32870
35.169	32868
35.180	32869
35.189	32869
35.199	32869
35.209	32872
35.219	32870
35.229	32872
35.239	32868
35.249	32873
35.259	32870
35.269	32868
35.280	32871
35.290	32868
35.299	32869
35.309	32868
35.319	32869
35.329	32869
35.339	32869
35.349	32869
35.359	32871
35.369	32871
35.379	32869
35.389	32869
35.399	32869
35.409	32869
35.419	32868
35.430	32870
35.439	32871
35.449	32870
35.459	32871
35.469	32869
35.479	32869
35.489	32870
35.499	32869
35.509	32872
35.519	32871
35.529	32870
35.539	32871
35.549	32871
35.559	32871
35.569	32870
35.579	32869
35.589	32867
35.599	32870
35.609	32869
35.619	32873
35.629	32871
35.639	32870
35.649	32870
35.659	32872
35.669	32870
35.680	32870
35.692	32869
35.719	32869
35.729	32869
35.739	32870
35.749	32872
35.759	32870
35.769	32873
35.779	32868
35.789	32872
35.799	32872
35.809	32871
35.819	32871
35.829	32867
35.839	32872
35.849	32870
35.859	32870
35.869	32869
35.880	32874
35.889	32875
35.899	32871
35.909	32870
35.919	32869
35.929	32870
35.939	32870
35.949	32870
35.959	32872
35.969	32870
35.979	32871
35.989	32872
36.001	32871
36.013	32870
36.019	32868
36.030	32868
36.039	32870
36.049	32872
36.059	32868
36.069	32868
36.079	32870
36.089	32869
36.100	32868
36.109	32871
36.119	32871
36.129	32870
36.139	32870
36.149	32869
36.159	32871
36.169	32871
36.182	32870
36.189	32868
36.199	32870
36.209	32868
36.219	32869
36.229	32870
36.239	32870
36.249	32870
36.259	32869
36.269	32869
36.281	32870
36.289	32870
36.299	32870
36.309	32869
36.319	32868
36.330	32870
36.339	32871
36.349	32870
36.359	32872
36.369	32870
36.379	32870
36.389	32870
36.399	32870
36.409	32870
36.420	32871
36.430	32869
36.439	32867
36.449	32872
36.459	32871
36.469	32869
36.480	32870
36.489	32870
36.501	32870
36.509	32869
36.519	32868
36.529	32871
36.539	32871
36.550	32871
36.559	32870
36.569	32869
36.581	32872
36.589	32871
36.599	32871
36.609	32872
36.619	32869
36.629	32870
36.639	32869
36.649	32869
36.659	32869
36.669	32870
36.679	32872
36.689	32870
36.699	32869
36.709	32869
36.719	32870
36.731	32871
36.739	32871
36.749	32869
36.760	32870
36.769	32870
36.779	32869
36.789	32872
36.799	32872
36.809	32872
36.819	32873
36.829	32869
36.839	32872
36.849	32869
36.859	32872
36.870	32871
36.879	32867
36.889	32870
36.899	32869
36.909	32868
36.919	32868
36.929	32870
36.939	32870
36.949	32871
36.959	32869
36.969	32869
36.979	32870
36.989	32869
36.999	32871
37.016	32870
37.019	32870
37.035	32869
37.039	32872
37.049	32870
37.059	32869
37.069	32870
37.079	32870
37.089	32871
37.099	32869
37.109	32870
37.119	32871
37.129	32868
37.139	32869
37.149	32870
37.159	32869
37.169	32869
37.179	32869
37.189	32869
37.199	32868
37.209	32869
37.219	32868
37.230	32869
37.239	32869
37.249	32870
37.259	32870
37.269	32868
37.280	32871
37.289	32871
37.299	32874
37.309	32869
37.319	32871
37.329	32870
37.339	32869
37.349	32869
37.359	32870
37.370	32870
37.379	32870
37.389	32870
37.399	32870
37.409	32869
37.419	32870
37.430	32869
37.439	32870
37.449	32870
37.459	32869
37.469	32868
37.479	32870
37.489	32868
37.499	32868
37.509	32869
37.519	32869
37.529	32870
37.539	32870
37.549	32870
37.564	32872
37.571	32871
37.580	32872
37.589	32873
37.599	32870
37.609	32870
37.619	32869
37.629	32871
37.639	32872
37.649	32870
37.659	32870
37.669	32869
37.679	32869
37.689	32867
37.699	32869
37.709	32866
37.719	32871
37.729	32871
37.739	32871
37.749	32869
37.759	32869
37.769	32871
37.779	32869
37.789	32868
37.799	32869
37.809	32873
37.819	32870
37.829	32869
37.839	32869
37.849	32868
37.859	32869
37.869	32868
37.880	32866
37.889	32869
37.899	32869
37.909	32870
37.919	32870
37.929	32870
37.939	32869
37.949	32872
37.959	32871
37.969	32870
37.979	32870
37.989	32870
37.999	32874
38.009	32870
38.019	32871
38.030	32869
38.039	32869
38.049	32866
38.059	32870
38.069	32870
38.079	32871
38.089	32868
38.099	32868
38.109	32868
38.119	32869
38.129	32869
38.139	32869
38.150	32873
38.159	32870
38.169	32870
38.181	32870
38.189	32871
38.199	32870
38.209	32868
38.219	32870
38.230	32869
38.239	32872
38.249	32871
38.259	32871
38.269	32872
38.281	32870
38.289	32872
38.299	32870
38.309	32874
38.319	32868
38.329	32873
38.342	32871
38.349	32871
38.359	32871
38.369	32868
38.380	32869
38.389	32869
38.399	32870
38.409	32868
38.419	32871
38.430	32871
38.439	32869
38.449	32869
38.459	32871
38.469	32870
38.480	32870
38.489	32868
38.499	32871
38.509	32870
38.519	32868
38.529	32872
38.539	32868
38.549	32869
38.559	32870
38.569	32874
38.580	32868
38.589	32870
38.599	32869
38.609	32872
38.619	32870
38.630	32869
38.639	32869
38.649	32871
38.659	32869
38.669	32870
38.679	32871
38.689	32871
38.699	32871
38.709	32870
38.719	32870
38.729	32872
38.739	32869
38.749	32872
38.759	32871
38.769	32870
38.779	32869
38.789	32868
38.799	32869
38.809	32869
38.819	32871
38.829	32870
38.839	32871
38.849	32871
38.859	32869
38.869	32870
38.880	32871
38.889	32869
38.899	32871
38.909	32872
38.919	32869
38.929	32868
38.939	32869
38.949	32869
38.959	32870
38.969	32870
38.979	32871
38.989	32869
38.999	32868
39.009	32870
39.019	32869
39.029	32868
39.039	32870
39.049	32874
39.059	32871
39.069	32873
39.079	32872
39.090	32867
39.099	32870
39.109	32869
39.119	32871
39.130	32871
39.139	32871
39.149	32870
39.159	32870
39.169	32868
39.179	32869
39.189	32871
39.199	32870
39.209	32871
39.219	32870
39.229	32870
39.239	32871
39.249	32869
39.259	32869
39.269	32869
39.280	32868
39.289	32870
39.299	32870
39.309	32870
39.319	32870
39.329	32870
39.339	32868
39.349	32868
39.359	32868
39.369	32870
39.379	32869
39.389	32871
39.399	32870
39.409	32870
39.419	32869
39.430	32867
39.439	32873
39.449	32871
39.459	32871
39.469	32870
39.479	32871
39.489	32870
39.499	32871
39.509	32869
39.519	32869
39.530	32871
39.539	32870
39.549	32871
39.559	32870
39.569	32868
39.580	32869
39.589	32868
39.599	32870
39.609	32869
39.619	32869
39.630	32869
39.639	32869
39.649	32871
39.659	32872
39.669	32871
39.679	32868
39.689	32869
39.699	32870
39.709	32870
39.719	32870
39.730	32869
39.739	32869
39.749	32869
39.759	32868
39.769	32868
39.779	32866
39.789	32867
39.799	32868
39.809	32871
39.819	32870
39.830	32869
39.839	32869
39.849	32872
39.859	32868
39.869	32867
39.881	32869
39.889	32870
39.899	32871
39.909	32869
39.919	32868
39.929	32868
39.939	32869
39.949	32868
39.959	32868
39.969	32869
39.980	32870
39.989	32867
39.999	32869
40.009	32871
40.019	32871
40.029	32870
40.039	32871
40.049	32870
40.059	32868
40.069	32870
40.080	32871
40.089	32868
40.099	32870
40.109	32870
40.119	32871
40.129	32870
40.139	32870
40.149	32868
40.159	32869
40.169	32868
40.179	32870
40.189	32866
40.199	32870
40.209	32870
40.219	32868
40.229	32866
40.239	32868
40.249	32869
40.259	32868
40.269	32869
40.280	32869
40.289	32870
40.299	32870
40.309	32870
40.319	32870
40.329	32867
40.339	32869
40.349	32871
40.359	32871
40.369	32868
40.380	32869
40.389	32868
40.399	32869
40.409	32870
40.419	32868
40.430	32869
40.439	32870
40.449	32866
40.459	32869
40.469	32871
40.479	32869
40.489	32870
40.499	32870
40.509	32871
40.519	32869
40.529	32869
40.539	32868
40.549	32868
40.559	32869
40.569	32869
40.579	32870
40.589	32869
40.599	32867
40.609	32871
40.619	32872
40.629	32871
40.639	32868
40.649	32871
40.659	32874
40.669	32869
40.679	32869
40.689	32871
40.699	32870
40.709	32869
40.719	32870
40.729	32870
40.739	32870
40.749	32869
40.759	32869
40.769	32873
40.779	32871
40.789	32871
40.799	32870
40.809	32868
40.819	32869
40.830	32871
40.839	32871
40.849	32871
40.859	32871
40.869	32872
40.880	32872
40.889	32869
40.899	32870
40.909	32871
40.919	32870
40.929	32872
40.939	32868
40.949	32870
40.959	32869
40.969	32872
40.979	32870
40.989	32870
40.999	32870
41.009	32870
41.019	32871
41.029	32871
41.039	32871
41.049	32872
41.059	32870
41.069	32870
41.079	32868
41.089	32872
41.099	32868
41.109	32871
41.119	32872
41.129	32872
41.139	32872
41.149	32870
41.159	32872
41.169	32869
41.180	32872
41.189	32869
41.199	32869
41.210	32872
41.219	32869
41.229	32871
41.239	32873
41.249	32870
41.259	32869
41.269	32871
41.281	32869
41.289	32871
41.299	32869
41.309	32870
41.319	32870
41.330	32869
41.339	32870
41.349	32868
41.359	32870
41.369	32870
41.381	32871
41.389	32869
41.399	32869
41.409	32871
41.419	32870
41.429	32871
41.439	32869
41.449	32869
41.459	32870
41.470	32869
41.480	32870
41.489	32869
41.499	32869
41.509	32870
41.519	32867
41.529	32869
41.539	32868
41.549	32871
41.559	32868
41.569	32868
41.579	32867
41.589	32867
41.599	32869
41.609	32872
41.619	32869
41.629	32871
41.639	32868
41.649	32871
41.659	32870
41.669	32868
41.679	32868
41.689	32868
41.699	32868
41.709	32869
41.719	32868
41.729	32869
41.739	32870
41.749	32870
41.759	32870
41.769	32869
41.780	32869
41.789	32872
41.799	32870
41.809	32867
41.819	32871
41.829	32869
41.839	32869
41.849	32870
41.859	32869
41.869	32868
41.879	32868
41.889	32869
41.899	32871
41.909	32869
41.919	32870
41.929	32870
41.939	32871
41.949	32871
41.959	32871
41.969	32869
41.980	32869
41.989	32870
41.999	32870
42.009	32871
42.019	32869
42.029	32870
42.039	32871
42.049	32868
42.059	32866
42.069	32869
42.079	32873
42.089	32868
42.099	32870
42.109	32870
42.119	32868
42.139	32870
42.141	32870
42.149	32870
42.159	32871
42.169	32871
42.179	32871
42.189	32870
42.199	32868
42.209	32869
42.219	32870
42.229	32868
42.239	32869
42.249	32872
42.259	32869
42.269	32870
42.279	32868
42.289	32869
42.299	32868
42.309	32868
42.319	32867
42.329	32867
42.339	32866
42.349	32868
42.359	32869
42.369	32871
42.379	32869
42.389	32872
42.399	32869
42.409	32867
42.419	32870
42.429	32869
42.439	32866
42.451	32868
42.459	32868
42.469	32867
42.479	32870
42.489	32869
42.499	32869
42.509	32869
42.519	32868
42.529	32869
42.540	32866
42.549	32868
42.559	32868
42.569	32867
42.580	32870
42.590	32868
42.599	32870
42.609	32869
42.619	32867
42.629	32868
42.639	32871
42.650	32870
42.659	32870
42.669	32868
42.679	32867
42.689	32870
42.699	32869
42.709	32867
42.719	32867
42.729	32869
42.739	32870
42.749	32869
42.759	32869
42.769	32869
42.779	32865
42.789	32869
42.799	32868
42.809	32870
42.819	32869
42.829	32872
42.839	32869
42.849	32871
42.859	32868
42.869	32868
42.880	32870
42.889	32871
42.899	32871
42.909	32870
42.919	32871
42.929	32872
42.939	32870
42.949	32871
42.959	32870
42.969	32868
42.979	32870
42.989	32869
42.999	32868
43.009	32867
43.019	32869
43.029	32872
43.039	32868
43.049	32869
43.059	32871
43.069	32868
43.079	32871
43.091	32870
43.099	32869
43.109	32869
43.119	32871
43.129	32869
43.139	32869
43.149	32870
43.159	32868
43.169	32869
43.179	32866
43.189	32871
43.199	32867
43.209	32870
43.219	32869
43.229	32870
43.239	32870
43.251	32871
43.259	32870
43.269	32870
43.279	32869
43.289	32870
43.299	32870
43.309	32867
43.319	32870
43.329	32870
43.339	32871
43.349	32871
43.359	32869
43.369	32870
43.379	32870
43.389	32870
43.399	32869
43.409	32871
43.419	32872
43.430	32867
43.439	32870
43.449	32872
43.459	32868
43.469	32868
43.480	32871
43.490	32871
43.499	32870
43.509	32868
43.519	32867
43.529	32868
43.539	32869
43.549	32867
43.559	32868
43.569	32869
43.579	32872
43.589	32867
43.599	32869
43.609	32870
43.619	32869
43.629	32867
43.639	32868
43.649	32870
43.659	32868
43.669	32868
43.679	32869
43.689	32869
43.699	32869
43.709	32870
43.719	32869
43.729	32868
43.739	32870
43.749	32868
43.759	32867
43.769	32869
43.780	32870
43.789	32868
43.799	32870
43.810	32870
43.819	32871
43.829	32870
43.839	32871
43.849	32871
43.859	32870
43.869	32869
43.880	32867
43.892	32872
43.899	32870
43.909	32868
43.919	32868
43.929	32870
43.939	32869
43.949	32868
43.959	32870
43.969	32868
43.979	32871
43.989	32870
43.999	32869
44.009	32870
44.019	32871
44.029	32870
44.039	32871
44.049	32872
44.059	32867
44.069	32869
44.080	32870
44.090	32871
44.100	32870
44.109	32869
44.119	32870
44.129	32873
44.139	32869
44.149	32868
44.159	32869
44.169	32871
44.179	32867
44.189	32869
44.199	32870
44.209	32870
44.219	32869
44.229	32870
44.239	32869
44.249	32870
44.259	32868
44.269	32868
44.280	32869
44.289	32872
44.299	32869
44.309	32869
44.319	32870
44.329	32870
44.339	32869
44.349	32868
44.359	32869
44.369	32872
44.379	32869
44.390	32871
44.399	32869
44.409	32871
44.419	32868
44.429	32867
44.439	32867
44.449	32870
44.459	32869
44.469	32869
44.479	32868
44.489	32869
44.499	32869
44.509	32868
44.519	32870
44.529	32867
44.539	32869
44.549	32869
44.559	32869
44.569	32868
44.581	32869
44.589	32869
44.599	32870
44.609	32868
44.619	32869
44.629	32868
44.639	32869
44.649	32870
44.659	32869
44.669	32869
44.679	32871
44.689	32871
44.699	32866
44.709	32866
44.719	32868
44.729	32868
44.739	32869
44.749	32869
44.759	32868
44.769	32869
44.779	32868
44.789	32868
44.799	32869
44.809	32870
44.819	32871
44.829	32872
44.839	32870
44.849	32873
44.859	32873
44.869	32871
44.879	32870
44.889	32871
44.899	32871
44.909	32870
44.919	32869
44.929	32873
44.939	32869
44.949	32871
44.959	32871
44.970	32870
44.979	32867
44.989	32868
44.999	32870
45.009	32867
45.019	32869
45.029	32869
45.039	32869
45.049	32870
45.059	32870
45.069	32868
45.079	32866
45.089	32868
45.099	32869
45.109	32868
45.119	32868
45.129	32867
45.139	32867
45.149	32868
45.159	32867
45.169	32869
45.179	32870
45.189	32867
45.199	32870
45.209	32868
45.219	32869
45.229	32867
45.239	32869
45.252	32871
45.259	32870
45.269	32868
45.279	32866
45.289	32873
45.299	32871
45.309	32868
45.319	32870
45.329	32867
45.339	32870
45.349	32871
45.359	32873
45.369	32872
45.379	32869
45.389	32868
45.399	32869
45.409	32871
45.419	32869
45.429	32867
45.439	32869
45.449	32868
45.459	32869
45.469	32868
45.479	32870
45.489	32868
45.499	32868
45.509	32867
45.519	32868
45.530	32869
45.539	32869
45.549	32867
45.559	32867
45.569	32867
45.579	32868
45.589	32869
45.599	32869
45.609	32869
45.619	32868
45.629	32869
45.639	32870
45.649	32869
45.659	32868
45.669	32871
45.679	32866
45.689	32869
45.699	32871
45.709	32869
45.719	32869
45.729	32867
45.739	32870
45.749	32869
45.759	32869
45.769	32871
45.779	32871
45.789	32871
45.799	32868
45.809	32871
45.819	32870
45.829	32868
45.839	32869
45.849	32868
45.859	32869
45.869	32867
45.879	32868
45.889	32871
45.899	32870
45.909	32869
45.919	32870
45.929	32870
45.939	32869
45.949	32869
45.959	32867
45.969	32870
45.979	32868
45.989	32869
45.999	32869
46.009	32870
46.019	32869
46.030	32870
46.039	32868
46.049	32866
46.059	32868
46.069	32868
46.079	32870
46.089	32868
46.099	32868
46.109	32869
46.119	32870
46.129	32869
46.139	32869
46.149	32867
46.159	32869
46.169	32866
46.179	32870
46.189	32863
46.199	32866
46.209	32868
46.219	32869
46.229	32868
46.239	32867
46.249	32869
46.259	32868
46.270	32870
46.279	32869
46.289	32870
46.300	32869
46.309	32870
46.319	32868
46.329	32869
46.339	32867
46.349	32871
46.359	32868
46.370	32868
46.380	32865
46.390	32870
46.400	32871
46.410	32870
46.420	32867
46.430	32868
46.439	32869
46.453	32869
46.459	32869
46.469	32871
46.481	32870
46.489	32869
46.499	32869
46.509	32868
46.519	32868
46.529	32868
46.539	32870
46.549	32868
46.559	32869
46.569	32869
46.579	32868
46.589	32867
46.599	32866
46.609	32868
46.619	32868
46.629	32868
46.639	32871
46.649	32868
46.659	32867
46.669	32870
46.679	32871
46.689	32872
46.699	32869
46.709	32866
46.719	32868
46.729	32868
46.739	32870
46.749	32868
46.759	32869
46.769	32870
46.779	32868
46.789	32869
46.799	32869
46.809	32870
46.819	32870
46.829	32870
46.839	32869
46.849	32866
46.859	32870
46.869	32870
46.879	32870
46.889	32869
46.899	32868
46.909	32868
46.919	32868
46.929	32866
46.939	32870
46.949	32867
46.959	32869
46.969	32867
46.979	32869
46.989	32868
46.999	32868
47.009	32870
47.019	32868
47.029	32870
47.039	32868
47.049	32870
47.059	32869
47.069	32869
47.079	32869
47.089	32871
47.099	32869
47.109	32866
47.119	32868
47.129	32866
47.139	32868
47.149	32867
47.159	32870
47.169	32870
47.179	32869
47.189	32870
47.199	32870
47.209	32868
47.219	32866
47.229	32867
47.239	32871
47.249	32867
47.259	32867
47.269	32869
47.279	32869
47.289	32867
47.299	32867
47.309	32868
47.319	32866
47.330	32867
47.339	32869
47.349	32869
47.359	32867
47.369	32868
47.379	32868
47.389	32869
47.399	32868
47.413	32869
47.419	32870
47.430	32870
47.439	32869
47.449	32868
47.460	32870
47.470	32867
47.479	32871
47.495	32869
47.502	32867
47.509	32868
47.519	32868
47.529	32868
47.539	32870
47.549	32871
47.559	32870
47.569	32871
47.579	32869
47.589	32869
47.599	32868
47.609	32867
47.619	32871
47.629	32868
47.639	32869
47.649	32869
47.659	32871
47.669	32869
47.679	32870
47.689	32868
47.699	32871
47.709	32867
47.719	32868
47.729	32867
47.739	32868
47.749	32869
47.759	32868
47.769	32868
47.779	32868
47.789	32871
47.799	32870
47.809	32868
47.819	32867
47.829	32869
47.839	32867
47.849	32869
47.859	32869
47.869	32869
47.879	32870
47.889	32870
47.899	32871
47.909	32869
47.919	32869
47.929	32870
47.939	32870
47.949	32870
47.959	32870
47.969	32867
47.979	32872
47.989	32870
47.999	32869
48.009	32868
48.019	32870
48.029	32871
48.039	32868
48.049	32869
48.059	32871
48.069	32868
48.079	32871
48.089	32871
48.099	32870
48.109	32869
48.119	32868
48.130	32871
48.139	32869
48.149	32869
48.159	32866
48.169	32868
48.179	32870
48.189	32870
48.199	32869
48.209	32867
48.223	32870
48.230	32870
48.239	32868
48.249	32868
48.259	32869
48.269	32868
48.279	32868
48.289	32870
48.299	32868
48.309	32868
48.319	32869
48.330	32870
48.339	32867
48.349	32867
48.359	32869
48.369	32868
48.379	32869
48.389	32867
48.399	32870
48.409	32868
48.425	32869
48.430	32868
48.439	32869
48.449	32871
48.459	32871
48.469	32870
48.479	32871
48.489	32871
48.499	32869
48.509	32870
48.519	32869
48.529	32869
48.539	32870
48.549	32871
48.559	32868
48.571	32868
48.579	32870
48.589	32870
48.600	32870
48.609	32871
48.619	32867
48.629	32869
48.639	32868
48.649	32867
48.659	32869
48.669	32869
48.679	32870
48.689	32868
48.699	32869
48.709	32871
48.719	32870
48.729	32869
48.739	32867
48.749	32872
48.759	32871
48.770	32871
48.779	32870
48.789	32870
48.799	32868
48.809	32869
48.819	32869
48.829	32869
48.839	32869
48.849	32867
48.859	32869
48.869	32869
48.880	32870
48.889	32870
48.899	32873
48.909	32868
48.919	32871
48.930	32871
48.939	32871
48.949	32868
48.959	32869
48.969	32872
48.980	32871
48.989	32871
48.999	32870
49.009	32869
49.019	32868
49.029	32870
49.039	32870
49.049	32867
49.059	32868
49.069	32868
49.080	32870
49.089	32868
49.099	32867
49.113	32870
49.119	32868
49.130	32867
49.139	32868
49.149	32870
49.159	32868
49.169	32869
49.179	32871
49.189	32872
49.199	32870
49.209	32870
49.219	32868
49.230	32869
49.239	32871
49.249	32870
49.259	32871
49.269	32869
49.279	32869
49.289	32870
49.299	32866
49.309	32868
49.319	32868
49.331	32868
49.339	32871
49.349	32870
49.359	32869
49.369	32868
49.379	32869
49.389	32870
49.399	32869
49.409	32869
49.422	32869
49.430	32868
49.439	32869
49.449	32867
49.459	32868
49.469	32869
49.480	32870
49.489	32869
49.499	32868
49.509	32867
49.519	32868
49.529	32868
49.539	32868
49.549	32868
49.559	32868
49.569	32869
49.580	32869
