# Oscilloscope Data

# Seconds	force_sensor_L.filtered_adc
0.000	33325
0.016	33324
0.021	33325
0.031	33324
0.040	33327
0.050	33329
0.060	33323
0.070	33326
0.083	33324
0.091	33327
0.101	33328
0.110	33325
0.120	33327
0.130	33325
0.140	33325
0.150	33325
0.160	33327
0.170	33326
0.181	33323
0.190	33324
0.200	33327
0.210	33324
0.220	33324
0.231	33323
0.240	33324
0.250	33325
0.260	33326
0.270	33326
0.280	33326
0.290	33326
0.300	33324
0.310	33324
0.320	33328
0.330	33325
0.340	33327
0.350	33321
0.360	33326
0.370	33325
0.381	33324
0.390	33328
0.400	33327
0.410	33326
0.420	33325
0.431	33320
0.440	33324
0.450	33321
0.460	33326
0.470	33327
0.480	33325
0.492	33325
0.500	33322
0.510	33326
0.520	33328
0.530	33326
0.540	33327
0.550	33324
0.560	33325
0.570	33326
0.580	33326
0.591	33326
0.600	33329
0.610	33326
0.620	33325
0.630	33326
0.640	33324
0.650	33325
0.660	33323
0.670	33327
0.680	33328
0.690	33326
0.700	33324
0.710	33326
0.720	33325
0.731	33328
0.740	33325
0.750	33325
0.760	33324
0.770	33327
0.780	33325
0.790	33321
0.800	33325
0.810	33325
0.820	33328
0.830	33322
0.840	33324
0.850	33326
0.860	33326
0.870	33326
0.881	33325
0.890	33325
0.900	33327
0.910	33325
0.920	33325
0.933	33323
0.940	33323
0.950	33327
0.965	33329
0.972	33325
0.981	33325
0.990	33328
1.001	33322
1.010	33327
1.020	33324
1.031	33326
1.041	33324
1.050	33325
1.060	33324
1.070	33322
1.081	33323
1.090	33326
1.100	33325
1.110	33323
1.120	33324
1.131	33322
1.140	33321
1.151	33327
1.160	33327
1.170	33325
1.181	33324
1.190	33326
1.200	33326
1.210	33326
1.220	33326
1.231	33325
1.240	33324
1.250	33323
1.260	33325
1.270	33324
1.280	33326
1.290	33326
1.300	33324
1.311	33325
1.320	33327
1.330	33326
1.340	33325
1.350	33325
1.360	33328
1.370	33329
1.381	33322
1.390	33329
1.400	33328
1.410	33322
1.420	33323
1.431	33327
1.440	33324
1.450	33327
1.460	33326
1.470	33322
1.480	33326
1.490	33324
1.500	33323
1.510	33326
1.520	33327
1.530	33328
1.540	33328
1.550	33329
1.560	33329
1.570	33327
1.581	33323
1.591	33327
1.600	33325
1.610	33322
1.620	33326
1.631	33325
1.640	33328
1.650	33323
1.660	33327
1.670	33323
1.683	33323
1.691	33324
1.700	33323
1.710	33325
1.720	33326
1.730	33328
1.740	33325
1.750	33327
1.760	33326
1.770	33326
1.781	33325
1.790	33330
1.800	33326
1.810	33325
1.821	33328
1.834	33325
1.840	33323
1.850	33325
1.860	33324
1.870	33323
1.881	33325
1.890	33325
1.900	33326
1.910	33325
1.920	33324
1.930	33325
1.940	33323
1.950	33324
1.960	33325
1.970	33325
1.980	33325
1.990	33324
2.000	33328
2.010	33322
2.020	33323
2.030	33324
2.040	33323
2.050	33324
2.060	33324
2.070	33320
2.080	33326
2.090	33324
2.100	33326
2.110	33324
2.120	33325
2.130	33323
2.140	33325
2.150	33325
2.160	33324
2.170	33322
2.180	33328
2.192	33325
2.200	33324
2.210	33326
2.220	33322
2.231	33324
2.240	33325
2.250	33322
2.260	33322
2.270	33322
2.280	33323
2.290	33327
2.300	33323
2.310	33323
2.320	33323
2.330	33326
2.340	33326
2.350	33325
2.360	33322
2.370	33325
2.380	33322
2.390	33324
2.400	33323
2.410	33323
2.420	33323
2.430	33323
2.440	33327
2.450	33325
2.460	33327
2.470	33328
2.480	33326
2.490	33325
2.500	33323
2.510	33321
2.520	33321
2.530	33328
2.540	33325
2.550	33327
2.560	33324
2.570	33323
2.581	33326
2.592	33323
2.600	33321
2.610	33322
2.620	33322
2.630	33324
2.640	33325
2.650	33327
2.660	33327
2.670	33330
2.680	33326
2.690	33325
2.700	33325
2.710	33322
2.720	33321
2.731	33324
2.740	33324
2.750	33326
2.760	33327
2.770	33328
2.781	33328
2.790	33327
2.800	33324
2.810	33323
2.820	33319
2.831	33321
2.840	33326
2.852	33323
2.860	33327
2.870	33325
2.881	33325
2.890	33324
2.900	33325
2.910	33322
2.920	33322
2.931	33324
2.940	33319
2.950	33323
2.960	33322
2.970	33322
2.980	33325
2.990	33324
3.000	33324
3.010	33326
3.020	33325
3.031	33321
3.040	33323
3.050	33324
3.060	33324
3.070	33327
3.080	33324
3.090	33326
3.100	33325
3.110	33326
3.120	33325
3.130	33327
3.140	33328
3.150	33328
3.160	33328
3.170	33324
3.181	33325
3.190	33326
3.200	33326
3.210	33324
3.220	33317
3.230	33325
3.240	33322
3.250	33328
3.260	33324
3.270	33326
3.280	33324
3.290	33323
3.300	33323
3.310	33321
3.320	33323
3.330	33319
3.340	33321
3.351	33327
3.360	33325
3.370	33327
3.381	33325
3.390	33328
3.400	33326
3.410	33323
3.420	33323
3.430	33322
3.440	33325
3.450	33322
3.460	33325
3.470	33323
3.480	33320
3.490	33322
3.500	33323
3.510	33323
3.520	33327
3.530	33320
3.540	33327
3.550	33324
3.560	33321
3.570	33326
3.580	33325
3.590	33324
3.600	33324
3.610	33323
3.620	33323
3.632	33325
3.640	33323
3.650	33325
3.660	33323
3.670	33321
3.680	33321
3.690	33326
3.700	33321
3.710	33323
3.720	33324
3.730	33324
3.740	33320
3.750	33323
3.760	33329
3.770	33325
3.780	33322
3.790	33322
3.800	33325
3.810	33324
3.820	33323
3.830	33323
3.840	33321
3.850	33324
3.860	33324
3.870	33328
3.881	33323
3.890	33323
3.900	33323
3.910	33324
3.920	33323
3.931	33328
3.940	33324
3.950	33325
3.960	33325
3.970	33324
3.981	33322
3.990	33324
4.000	33326
4.010	33325
4.020	33323
4.030	33322
4.043	33322
4.053	33323
4.060	33326
4.070	33324
4.080	33326
4.090	33322
4.100	33326
4.110	33328
4.120	33323
4.131	33324
4.140	33322
4.150	33325
4.160	33327
4.170	33324
4.181	33327
4.190	33326
4.200	33325
4.210	33326
4.220	33326
4.230	33321
4.240	33321
4.250	33329
4.260	33326
4.270	33324
4.280	33323
4.290	33328
4.300	33326
4.310	33320
4.320	33324
4.331	33321
4.342	33324
4.350	33322
4.360	33328
4.370	33323
4.381	33328
4.390	33325
4.400	33323
4.410	33327
4.420	33324
4.430	33325
4.440	33321
4.450	33321
4.460	33320
4.470	33326
4.480	33326
4.490	33325
4.500	33324
4.510	33326
4.520	33326
4.531	33323
4.540	33325
4.550	33322
4.560	33321
4.570	33323
4.580	33324
4.591	33324
4.600	33322
4.610	33323
4.620	33321
4.630	33322
4.640	33323
4.650	33325
4.660	33322
4.670	33322
4.680	33325
4.690	33321
4.700	33323
4.710	33322
4.720	33325
4.730	33322
4.740	33321
4.750	33326
4.760	33322
4.770	33325
4.780	33322
4.790	33324
4.800	33324
4.810	33322
4.820	33325
4.830	33319
4.840	33327
4.850	33323
4.860	33322
4.872	33322
4.881	33324
4.892	33328
4.900	33322
4.910	33323
4.920	33326
4.931	33323
4.940	33324
4.950	33323
4.960	33324
4.970	33322
4.981	33324
4.990	33326
5.000	33323
5.010	33321
5.020	33325
5.030	33325
5.040	33322
5.050	33322
5.065	33322
5.073	33320
5.080	33325
5.090	33323
5.100	33320
5.110	33322
5.120	33324
5.130	33324
5.140	33326
5.150	33323
5.160	33325
5.170	33324
5.180	33326
5.190	33327
5.200	33325
5.210	33324
5.220	33323
5.230	33325
5.240	33323
5.250	33325
5.260	33323
5.270	33324
5.280	33323
5.290	33326
5.300	33323
5.312	33323
5.320	33325
5.331	33324
5.340	33323
5.350	33328
5.360	33326
5.370	33326
5.380	33321
5.390	33325
5.400	33325
5.410	33320
5.420	33321
5.430	33322
5.440	33324
5.450	33325
5.460	33328
5.470	33322
5.480	33323
5.490	33326
5.500	33323
5.510	33323
5.520	33323
5.531	33324
5.540	33325
5.557	33325
5.562	33328
5.570	33325
5.580	33326
5.590	33321
5.600	33324
5.610	33327
5.620	33327
5.630	33325
5.640	33326
5.650	33325
5.660	33328
5.670	33326
5.680	33327
5.690	33324
5.700	33324
5.710	33322
5.720	33325
5.730	33325
5.740	33326
5.750	33325
5.760	33327
5.770	33321
5.780	33323
5.790	33327
5.800	33322
5.810	33329
5.820	33326
5.831	33323
5.840	33327
5.850	33326
5.860	33322
5.870	33329
5.880	33324
5.890	33326
5.900	33325
5.910	33324
5.920	33328
5.930	33326
5.940	33323
5.950	33322
5.960	33325
5.971	33324
5.980	33324
5.990	33324
6.000	33326
6.010	33324
6.020	33324
6.030	33329
6.040	33325
6.050	33329
6.060	33321
6.070	33322
6.080	33325
6.090	33325
6.100	33323
6.110	33323
6.120	33322
6.131	33322
6.140	33322
6.150	33324
6.160	33323
6.170	33325
6.180	33327
6.190	33327
6.200	33326
6.210	33322
6.220	33325
6.230	33325
6.240	33325
6.250	33325
6.260	33325
6.270	33323
6.280	33323
6.290	33325
6.300	33325
6.310	33325
6.320	33325
6.331	33326
6.340	33324
6.350	33325
6.360	33325
6.370	33322
6.380	33324
6.390	33325
6.400	33319
6.410	33321
6.421	33325
6.430	33322
6.440	33327
6.450	33324
6.460	33324
6.470	33326
6.481	33325
6.490	33320
6.500	33325
6.510	33325
6.520	33325
6.530	33323
6.540	33322
6.550	33324
6.560	33325
6.570	33324
6.580	33323
6.590	33324
6.600	33324
6.610	33320
6.620	33326
6.631	33326
6.640	33326
6.650	33321
6.660	33325
6.670	33324
6.681	33323
6.690	33324
6.706	33327
6.711	33326
6.720	33323
6.730	33322
6.740	33323
6.750	33326
6.760	33325
6.771	33323
6.780	33324
6.790	33328
6.800	33326
6.810	33324
6.820	33323
6.830	33327
6.840	33322
6.850	33323
6.860	33326
6.870	33323
6.880	33324
6.890	33324
6.900	33324
6.910	33325
6.920	33325
6.930	33323
6.940	33325
6.950	33324
6.961	33325
6.970	33324
6.980	33321
6.990	33324
7.000	33327
7.010	33321
7.020	33322
7.030	33323
7.040	33322
7.050	33321
7.060	33322
7.070	33321
7.080	33324
7.090	33325
7.100	33324
7.110	33324
7.120	33323
7.130	33325
7.140	33323
7.150	33323
7.160	33324
7.170	33327
7.180	33324
7.190	33326
7.200	33324
7.210	33325
7.220	33326
7.230	33325
7.240	33325
7.250	33319
7.260	33323
7.270	33323
7.280	33324
7.290	33326
7.300	33322
7.310	33319
7.324	33323
7.330	33324
7.340	33327
7.350	33326
7.361	33326
7.370	33325
7.380	33322
7.390	33324
7.400	33323
7.410	33327
7.420	33325
7.431	33326
7.440	33322
7.450	33326
7.460	33322
7.470	33325
7.480	33320
7.490	33323
7.500	33321
7.510	33322
7.520	33322
7.531	33325
7.540	33326
7.550	33325
7.560	33323
7.570	33324
7.580	33324
7.590	33323
7.600	33327
7.610	33327
7.620	33325
7.631	33325
7.640	33319
7.650	33323
7.660	33319
7.670	33324
7.680	33322
7.690	33326
7.700	33323
7.710	33324
7.720	33325
7.730	33321
7.740	33324
7.750	33322
7.760	33324
7.770	33326
7.780	33325
7.790	33321
7.800	33322
7.810	33321
7.820	33325
7.832	33325
7.840	33326
7.850	33323
7.860	33324
7.870	33320
7.880	33324
7.890	33323
7.900	33325
7.910	33325
7.920	33325
7.930	33323
7.940	33320
7.950	33321
7.960	33323
7.970	33323
7.980	33327
7.990	33322
8.000	33324
8.010	33324
8.020	33326
8.030	33327
8.040	33326
8.050	33327
8.060	33321
8.070	33323
8.080	33325
8.090	33326
8.100	33323
8.110	33324
8.120	33322
8.131	33328
8.140	33325
8.150	33323
8.160	33324
8.170	33325
8.181	33322
8.190	33322
8.200	33323
8.210	33326
8.220	33325
8.230	33323
8.240	33324
8.250	33323
8.260	33322
8.270	33325
8.280	33324
8.290	33328
8.300	33325
8.310	33325
8.320	33323
8.330	33324
8.340	33325
8.350	33325
8.360	33323
8.370	33320
8.380	33324
8.390	33324
8.400	33324
8.410	33327
8.420	33328
8.441	33319
8.450	33324
8.460	33323
8.470	33327
8.480	33321
8.490	33325
8.500	33323
8.510	33322
8.520	33322
8.530	33324
8.540	33322
8.550	33320
8.560	33324
8.570	33321
8.580	33321
8.590	33323
8.600	33325
8.610	33323
8.620	33321
8.630	33324
8.640	33325
8.650	33325
8.660	33321
8.670	33323
8.680	33326
8.690	33326
8.700	33324
8.710	33322
8.720	33326
8.730	33326
8.740	33322
8.750	33325
8.760	33322
8.770	33322
8.780	33324
8.790	33328
8.800	33323
8.810	33323
8.820	33322
8.830	33321
8.840	33322
8.850	33325
8.860	33323
8.870	33323
8.880	33325
8.890	33325
8.900	33322
8.910	33321
8.920	33323
8.930	33322
8.940	33321
8.950	33322
8.960	33323
8.970	33323
8.980	33325
8.990	33324
9.000	33322
9.011	33322
9.020	33324
9.030	33327
9.040	33324
9.050	33320
9.060	33323
9.070	33326
9.080	33321
9.090	33325
9.100	33320
9.110	33325
9.120	33327
9.130	33323
9.140	33322
9.151	33325
9.160	33323
9.170	33327
9.180	33326
9.190	33322
9.200	33323
9.210	33322
9.220	33324
9.230	33326
9.240	33323
9.250	33324
9.260	33325
9.270	33324
9.287	33324
9.294	33319
9.300	33320
9.310	33322
9.320	33323
9.330	33323
9.340	33323
9.350	33322
9.360	33324
9.370	33322
9.380	33326
9.390	33322
9.400	33321
9.410	33320
9.420	33323
9.431	33322
9.440	33324
9.450	33324
9.460	33325
9.470	33323
9.480	33323
9.490	33324
9.500	33325
9.510	33324
9.520	33322
9.530	33323
9.540	33322
9.550	33322
9.560	33325
9.570	33323
9.580	33325
9.590	33323
9.600	33326
9.610	33325
9.620	33325
9.630	33322
9.640	33323
9.650	33322
9.660	33324
9.670	33322
9.680	33321
9.690	33321
9.700	33323
9.710	33322
9.722	33323
9.730	33322
9.741	33322
9.750	33322
9.760	33320
9.770	33319
9.780	33325
9.790	33322
9.800	33322
9.810	33324
9.820	33324
9.830	33325
9.840	33322
9.850	33322
9.860	33327
9.870	33325
9.880	33325
9.890	33323
9.900	33320
9.910	33323
9.920	33323
9.930	33323
9.940	33321
9.950	33323
9.960	33323
9.970	33325
9.980	33323
9.990	33322
10.000	33322
10.010	33323
10.020	33322
10.030	33322
10.040	33324
10.050	33326
10.060	33322
10.070	33323
10.081	33323
10.090	33323
10.100	33324
10.110	33320
10.120	33320
10.130	33319
10.140	33320
10.150	33321
10.160	33326
10.170	33322
10.180	33321
10.190	33324
10.200	33325
10.210	33325
10.220	33321
10.230	33321
10.240	33321
10.250	33321
10.260	33326
10.270	33320
10.280	33323
10.290	33320
10.300	33322
10.310	33323
10.320	33324
10.330	33320
10.340	33321
10.350	33324
10.360	33324
10.370	33325
10.381	33321
10.390	33322
10.400	33324
10.410	33320
10.420	33322
10.430	33324
10.440	33323
10.450	33323
10.460	33323
10.470	33324
10.480	33323
10.490	33324
10.500	33326
10.510	33322
10.520	33325
10.530	33324
10.540	33325
10.551	33321
10.561	33322
10.571	33324
10.580	33318
10.590	33320
10.600	33326
10.613	33325
10.620	33324
10.630	33324
10.640	33320
10.650	33324
10.660	33326
10.670	33324
10.680	33323
10.690	33324
10.700	33323
10.710	33325
10.720	33327
10.730	33326
10.740	33321
10.750	33321
10.760	33324
10.770	33321
10.780	33323
10.790	33323
10.800	33326
10.810	33325
10.820	33324
10.830	33323
10.840	33325
10.850	33323
10.860	33322
10.870	33322
10.880	33322
10.890	33320
10.900	33323
10.910	33325
10.920	33321
10.930	33321
10.940	33322
10.950	33325
10.960	33323
10.970	33324
10.980	33323
10.990	33321
11.000	33318
11.010	33322
11.020	33322
11.030	33318
11.040	33322
11.052	33322
11.060	33323
11.070	33322
11.080	33324
11.090	33319
11.100	33324
11.112	33327
11.120	33325
11.130	33325
11.140	33324
11.150	33325
11.160	33322
11.170	33322
11.180	33322
11.190	33322
11.200	33321
11.210	33323
11.220	33321
11.230	33324
11.240	33322
11.250	33325
11.260	33327
11.270	33324
11.280	33325
11.290	33323
11.300	33325
11.310	33325
11.320	33323
11.330	33322
11.340	33322
11.350	33326
11.360	33321
11.370	33324
11.380	33324
11.390	33323
11.400	33324
11.410	33320
11.420	33326
11.430	33322
11.440	33323
11.450	33325
11.460	33322
11.470	33326
11.480	33325
11.490	33324
11.500	33327
11.510	33326
11.520	33322
11.530	33327
11.540	33324
11.551	33323
11.560	33321
11.570	33322
11.581	33322
11.590	33318
11.600	33322
11.610	33325
11.620	33321
11.630	33320
11.640	33323
11.650	33322
11.660	33325
11.670	33325
11.680	33325
11.690	33326
11.700	33323
11.710	33324
11.720	33321
11.730	33319
11.740	33324
11.750	33323
11.760	33324
11.770	33322
11.780	33323
11.790	33323
11.800	33321
11.811	33325
11.820	33322
11.830	33322
11.840	33321
11.850	33323
11.860	33320
11.870	33324
11.880	33319
11.890	33326
11.900	33322
11.910	33323
11.920	33322
11.930	33321
11.940	33324
11.950	33324
11.960	33322
11.970	33322
11.980	33322
11.990	33319
12.000	33321
12.010	33322
12.020	33319
12.030	33319
12.040	33325
12.050	33322
12.060	33324
12.070	33323
12.080	33323
12.090	33321
12.100	33323
12.110	33320
12.120	33320
12.130	33323
12.140	33324
12.150	33321
12.160	33322
12.170	33323
12.180	33321
12.190	33321
12.200	33324
12.210	33322
12.220	33320
12.230	33322
12.240	33323
12.250	33325
12.260	33325
12.270	33322
12.280	33326
12.290	33323
12.300	33322
12.310	33322
12.320	33323
12.330	33322
12.340	33320
12.350	33323
12.360	33323
12.370	33322
12.380	33325
12.390	33321
12.400	33324
12.410	33322
12.420	33322
12.430	33319
12.440	33320
12.454	33319
12.460	33323
12.470	33322
12.480	33327
12.490	33328
12.500	33324
12.510	33328
12.520	33327
12.530	33324
12.540	33324
12.550	33323
12.567	33324
12.571	33321
12.580	33323
12.590	33323
12.600	33323
12.610	33324
12.620	33323
12.630	33324
12.640	33324
12.650	33322
12.660	33326
12.670	33325
12.680	33326
12.690	33323
12.700	33322
12.710	33324
12.720	33322
12.730	33327
12.740	33323
12.750	33323
12.760	33325
12.771	33324
12.780	33325
12.790	33321
12.800	33326
12.810	33327
12.820	33325
12.830	33323
12.840	33325
12.850	33326
12.860	33325
12.870	33321
12.880	33324
12.890	33330
12.900	33324
12.910	33323
12.920	33322
12.930	33325
12.940	33326
12.950	33322
12.960	33321
12.970	33325
12.980	33323
12.990	33322
13.000	33324
13.010	33325
13.020	33325
13.030	33324
13.040	33319
13.050	33321
13.060	33321
13.070	33324
13.080	33326
13.090	33321
13.100	33323
13.110	33327
13.120	33324
13.130	33319
13.140	33322
13.150	33324
13.160	33322
13.170	33325
13.180	33324
13.190	33321
13.200	33325
13.210	33323
13.220	33324
13.230	33322
13.240	33323
13.250	33321
13.260	33323
13.270	33324
13.280	33322
13.290	33324
13.300	33324
13.310	33325
13.320	33322
13.330	33323
13.340	33322
13.350	33325
13.360	33324
13.370	33326
13.380	33322
13.390	33324
13.400	33321
13.410	33320
13.420	33323
13.430	33324
13.440	33322
13.450	33319
13.460	33324
13.470	33326
13.480	33324
13.490	33323
13.500	33320
13.510	33324
13.520	33324
13.530	33324
13.540	33322
13.550	33324
13.560	33323
13.570	33319
13.580	33323
13.590	33320
13.600	33325
13.610	33322
13.620	33320
13.630	33325
13.640	33323
13.650	33322
13.660	33321
13.670	33321
13.680	33323
13.690	33323
13.700	33323
13.710	33326
13.720	33326
13.730	33319
13.740	33320
13.750	33323
13.760	33322
13.770	33325
13.781	33320
13.790	33325
13.800	33323
13.810	33322
13.820	33325
13.830	33321
13.840	33320
13.850	33320
13.860	33322
13.870	33321
13.880	33322
13.891	33324
13.900	33324
13.910	33321
13.920	33324
13.930	33320
13.940	33324
13.950	33323
13.960	33322
13.970	33321
13.980	33323
13.990	33321
14.000	33321
14.010	33324
14.020	33324
14.030	33322
14.040	33321
14.050	33319
14.060	33318
14.070	33321
14.080	33323
14.090	33321
14.100	33321
14.110	33323
14.120	33327
14.130	33323
14.140	33319
14.150	33326
14.160	33325
14.170	33324
14.180	33321
14.190	33324
14.200	33322
14.210	33323
14.220	33324
14.230	33323
14.240	33320
14.250	33320
14.260	33322
14.270	33322
14.280	33322
14.290	33323
14.300	33319
14.310	33318
14.320	33322
14.330	33323
14.340	33322
14.350	33324
14.360	33321
14.370	33321
14.380	33321
14.390	33323
14.400	33324
14.410	33322
14.420	33323
14.430	33324
14.440	33322
14.452	33320
14.460	33321
14.470	33321
14.480	33321
14.490	33322
14.500	33324
14.510	33321
14.520	33322
14.530	33322
14.540	33322
14.550	33325
14.560	33322
14.570	33322
14.580	33322
14.590	33323
14.600	33323
14.610	33323
14.620	33321
14.630	33321
14.640	33322
14.650	33325
14.660	33322
14.670	33324
14.681	33320
14.690	33320
14.700	33318
14.710	33323
14.720	33325
14.730	33322
14.740	33325
14.750	33321
14.760	33320
14.770	33325
14.780	33322
14.790	33322
14.800	33319
14.810	33323
14.820	33321
14.830	33324
14.840	33319
14.850	33325
14.860	33322
14.870	33324
14.880	33322
14.890	33323
14.900	33320
14.910	33324
14.920	33322
14.931	33321
14.940	33323
14.950	33323
14.960	33322
14.970	33322
14.980	33322
14.990	33323
15.000	33324
15.012	33323
15.021	33320
15.030	33322
15.040	33322
15.050	33323
15.060	33322
15.070	33323
15.080	33322
15.090	33323
15.100	33320
15.110	33323
15.120	33322
15.130	33325
15.140	33324
15.150	33326
15.160	33323
15.170	33323
15.180	33324
15.190	33321
15.200	33322
15.210	33322
15.220	33325
15.230	33326
15.240	33322
15.250	33321
15.260	33321
15.270	33322
15.280	33320
15.290	33323
15.300	33324
15.311	33324
15.320	33324
15.333	33323
15.340	33322
15.350	33321
15.360	33322
15.370	33328
15.380	33322
15.390	33321
15.400	33324
15.410	33323
15.420	33322
15.435	33323
15.440	33320
15.450	33324
15.460	33325
15.470	33322
15.480	33325
15.490	33324
15.500	33323
15.510	33326
15.520	33327
15.530	33324
15.540	33323
15.550	33322
15.560	33322
15.570	33327
15.581	33323
15.590	33324
15.600	33324
15.610	33323
15.620	33325
15.630	33324
15.640	33321
15.650	33319
15.660	33324
15.670	33326
15.681	33323
15.690	33323
15.709	33324
15.722	33326
15.733	33323
15.740	33324
15.750	33322
15.760	33324
15.770	33324
15.780	33320
15.790	33320
15.800	33323
15.810	33325
15.820	33326
15.830	33321
15.840	33320
15.850	33325
15.860	33321
15.870	33322
15.880	33319
15.890	33320
15.900	33325
15.910	33322
15.920	33323
15.930	33323
15.940	33320
15.950	33324
15.960	33325
15.970	33325
15.980	33320
15.990	33321
16.000	33317
16.010	33319
16.020	33323
16.030	33324
16.040	33325
16.050	33321
16.060	33324
16.070	33324
16.080	33326
16.090	33324
16.100	33325
16.110	33320
16.120	33321
16.130	33322
16.140	33318
16.150	33323
16.160	33324
16.170	33323
16.180	33324
16.190	33320
16.200	33323
16.210	33323
16.220	33317
16.230	33321
16.240	33320
16.250	33321
16.260	33322
16.270	33321
16.280	33321
16.290	33321
16.300	33324
16.310	33321
16.320	33321
16.330	33322
16.340	33324
16.350	33324
16.360	33322
16.370	33321
16.380	33323
16.390	33323
16.400	33323
16.410	33321
16.420	33320
16.430	33322
16.440	33319
16.450	33322
16.460	33322
16.470	33325
16.480	33323
16.490	33323
16.500	33323
16.510	33321
16.520	33324
16.531	33321
16.540	33320
16.550	33322
16.560	33323
16.570	33322
16.580	33324
16.590	33321
16.600	33319
16.610	33320
16.620	33323
16.630	33319
16.640	33321
16.650	33322
16.660	33320
16.670	33326
16.680	33324
16.690	33325
16.700	33320
16.710	33319
16.720	33322
16.730	33325
16.740	33322
16.750	33320
16.760	33320
16.770	33321
16.781	33320
16.790	33322
16.800	33322
16.810	33325
16.820	33323
16.831	33321
16.840	33320
16.850	33320
16.860	33323
16.870	33321
16.880	33321
16.890	33322
16.900	33324
16.910	33323
16.920	33323
16.930	33324
16.940	33322
16.950	33321
16.960	33320
16.970	33318
16.980	33321
16.990	33319
17.000	33320
17.010	33323
17.020	33321
17.030	33323
17.040	33323
17.050	33320
17.060	33324
17.070	33321
17.080	33321
17.090	33324
17.100	33320
17.110	33321
17.120	33321
17.131	33320
17.140	33323
17.150	33324
17.160	33323
17.170	33321
17.180	33321
17.190	33321
17.200	33322
17.210	33326
17.220	33317
17.235	33318
17.240	33318
17.250	33321
17.260	33317
17.270	33320
17.280	33319
17.290	33323
17.300	33324
17.310	33322
17.320	33323
17.330	33319
17.341	33322
17.350	33324
17.360	33322
17.370	33325
17.380	33321
17.390	33321
17.400	33319
17.410	33319
17.420	33324
17.430	33323
17.440	33323
17.450	33322
17.460	33320
17.470	33321
17.480	33324
17.490	33324
17.500	33323
17.510	33324
17.520	33326
17.530	33321
17.540	33322
17.550	33325
17.560	33325
17.570	33323
17.581	33325
17.590	33321
17.600	33323
17.610	33320
17.620	33324
17.630	33323
17.640	33327
17.650	33323
17.660	33323
17.670	33321
17.680	33321
17.690	33319
17.700	33322
17.710	33323
17.720	33323
17.730	33322
17.740	33325
17.750	33323
17.760	33322
17.770	33323
17.782	33323
17.790	33322
17.800	33321
17.810	33324
17.820	33324
17.830	33322
17.840	33322
17.850	33322
17.860	33324
17.870	33319
17.880	33323
17.890	33325
17.900	33320
17.910	33322
17.920	33326
17.930	33320
17.940	33325
17.955	33326
17.960	33327
17.970	33323
17.980	33322
17.990	33322
18.000	33320
18.010	33325
18.020	33322
18.030	33324
18.040	33325
18.050	33321
18.060	33323
18.070	33324
18.080	33320
18.090	33324
18.100	33324
18.110	33319
18.120	33318
18.130	33321
18.140	33321
18.150	33320
18.160	33322
18.170	33320
18.180	33327
18.190	33321
18.200	33321
18.210	33319
18.220	33326
18.230	33321
18.240	33324
18.250	33324
18.260	33322
18.270	33323
18.280	33323
18.290	33322
18.300	33321
18.310	33325
18.320	33324
18.330	33320
18.340	33322
18.350	33322
18.360	33323
18.370	33324
18.380	33320
18.390	33321
18.400	33323
18.410	33319
18.420	33319
18.430	33323
18.440	33323
18.450	33322
18.460	33323
18.470	33322
18.480	33322
18.490	33322
18.500	33322
18.510	33321
18.520	33325
18.530	33322
18.540	33321
18.550	33323
18.560	33323
18.570	33322
18.581	33323
18.590	33324
18.600	33323
18.610	33324
18.620	33322
18.630	33321
18.640	33323
18.650	33321
18.660	33320
18.670	33323
18.680	33323
18.690	33320
18.700	33320
18.710	33322
18.720	33319
18.731	33323
18.740	33323
18.750	33324
18.760	33319
18.770	33320
18.780	33321
18.795	33321
18.802	33322
18.810	33318
18.820	33321
18.830	33321
18.840	33322
18.850	33324
18.860	33323
18.870	33322
18.881	33322
18.890	33320
18.900	33320
18.910	33323
18.920	33320
18.930	33326
18.940	33319
18.950	33322
18.960	33322
18.970	33323
18.980	33320
18.990	33325
19.000	33319
19.010	33320
19.020	33322
19.030	33318
19.040	33321
19.050	33321
19.060	33323
19.070	33318
19.080	33321
19.090	33322
19.100	33320
19.110	33323
19.120	33322
19.130	33323
19.140	33321
19.150	33324
19.160	33322
19.170	33318
19.180	33320
19.190	33321
19.200	33324
19.210	33322
19.220	33320
19.232	33322
19.240	33326
19.250	33324
19.260	33320
19.270	33324
19.281	33323
19.290	33322
19.300	33319
19.310	33320
19.320	33323
19.330	33322
19.340	33324
19.350	33326
19.360	33325
19.370	33323
19.380	33325
19.390	33322
19.400	33321
19.410	33321
19.420	33322
19.430	33323
19.440	33324
19.450	33322
19.460	33323
19.470	33325
19.480	33321
19.490	33320
19.500	33324
19.510	33317
19.520	33323
19.530	33321
19.540	33322
19.550	33322
19.560	33323
19.570	33324
19.580	33321
19.590	33323
19.600	33323
19.610	33318
19.620	33320
19.630	33320
19.640	33322
19.650	33324
19.660	33324
19.670	33326
19.680	33322
19.690	33324
19.700	33322
19.710	33320
19.720	33321
19.730	33322
19.740	33320
19.750	33322
19.760	33322
19.770	33324
19.780	33321
19.790	33323
19.800	33324
19.810	33320
19.820	33320
19.830	33317
19.840	33323
19.850	33324
19.860	33318
19.870	33321
19.880	33320
19.890	33322
19.901	33324
19.910	33323
19.920	33324
19.930	33325
19.940	33321
19.950	33318
19.960	33319
19.970	33326
19.980	33321
19.990	33321
20.000	33319
20.010	33319
20.020	33321
20.030	33323
20.040	33325
20.050	33322
20.060	33320
20.070	33323
20.080	33322
20.090	33321
20.100	33327
20.110	33322
20.122	33325
20.134	33323
20.140	33323
20.150	33323
20.160	33324
20.170	33322
20.180	33322
20.190	33320
20.200	33324
20.210	33322
20.220	33319
20.230	33321
20.240	33321
20.250	33322
20.260	33320
20.270	33322
20.280	33323
20.290	33320
20.300	33321
20.310	33324
20.320	33320
20.330	33323
20.340	33321
20.350	33319
20.360	33320
20.370	33321
20.380	33323
20.390	33323
20.400	33323
20.410	33324
20.420	33321
20.430	33321
20.440	33322
20.450	33322
20.460	33322
20.470	33321
20.480	33323
20.490	33320
20.500	33320
20.510	33321
20.520	33320
20.530	33320
20.540	33319
20.550	33323
20.560	33321
20.570	33318
20.580	33322
20.590	33322
20.600	33324
20.610	33319
20.620	33319
20.630	33320
20.640	33319
20.650	33320
20.660	33321
20.670	33323
20.680	33324
20.690	33321
20.700	33319
20.710	33321
20.720	33323
20.730	33323
20.740	33324
20.750	33325
20.760	33320
20.770	33319
20.780	33318
20.790	33322
20.800	33323
20.810	33319
20.820	33322
20.830	33325
20.840	33324
20.850	33322
20.860	33316
20.870	33319
20.880	33322
20.890	33317
20.900	33320
20.910	33319
20.920	33321
20.931	33322
20.940	33321
20.950	33322
20.960	33320
20.970	33323
20.980	33324
20.990	33323
21.000	33325
21.010	33322
21.020	33321
21.030	33321
21.040	33325
21.050	33322
21.060	33320
21.070	33319
21.080	33324
21.090	33325
21.100	33321
21.110	33325
21.120	33323
21.130	33324
21.140	33323
21.150	33323
21.160	33324
21.170	33320
21.180	33321
21.190	33323
21.200	33323
21.210	33324
21.220	33317
21.230	33323
21.240	33323
21.250	33322
21.260	33323
21.270	33323
21.280	33324
21.290	33323
21.300	33321
21.310	33318
21.320	33317
21.330	33320
21.340	33319
21.350	33321
21.360	33319
21.370	33323
21.380	33323
21.390	33320
21.400	33320
21.410	33322
21.420	33319
21.430	33319
21.440	33322
21.450	33321
21.460	33318
21.470	33321
21.480	33326
21.490	33320
21.500	33323
21.510	33321
21.520	33323
21.530	33322
21.540	33321
21.550	33322
21.560	33321
21.570	33321
21.580	33324
21.590	33325
21.600	33322
21.610	33319
21.620	33323
21.630	33320
21.640	33321
21.650	33321
21.660	33320
21.670	33320
21.680	33323
21.690	33324
21.700	33324
21.710	33320
21.720	33324
21.730	33320
21.740	33322
21.750	33321
21.760	33324
21.770	33319
21.780	33323
21.790	33324
21.800	33320
21.810	33317
21.820	33321
21.830	33320
21.840	33321
21.850	33323
21.860	33320
21.870	33323
21.880	33323
21.890	33321
21.900	33324
21.910	33321
21.920	33320
21.930	33320
21.940	33321
21.950	33323
21.960	33323
21.970	33318
21.980	33319
21.990	33322
22.000	33322
22.010	33322
22.020	33322
22.030	33323
22.040	33322
22.050	33323
22.060	33324
22.070	33323
22.080	33323
22.090	33320
22.100	33322
22.110	33323
22.120	33321
22.130	33320
22.140	33321
22.150	33319
22.160	33321
22.170	33326
22.180	33325
22.190	33322
22.200	33321
22.210	33322
22.220	33322
22.230	33323
22.240	33325
22.250	33319
22.260	33322
22.270	33323
22.280	33322
22.299	33320
22.303	33318
22.310	33320
22.320	33320
22.330	33322
22.340	33320
22.350	33322
22.360	33319
22.370	33321
22.380	33322
22.390	33324
22.400	33319
22.410	33321
22.420	33321
22.430	33322
22.440	33320
22.450	33324
22.460	33322
22.470	33321
22.480	33325
22.490	33324
22.500	33323
22.510	33323
22.520	33320
22.530	33321
22.540	33323
22.550	33324
22.560	33321
22.570	33321
22.580	33320
22.590	33324
22.600	33322
22.611	33321
22.620	33318
22.630	33321
22.640	33318
22.650	33322
22.660	33320
22.670	33323
22.680	33322
22.690	33325
22.700	33321
22.710	33319
22.720	33319
22.730	33321
22.740	33322
22.750	33321
22.760	33325
22.770	33320
22.780	33322
22.790	33319
22.800	33321
22.810	33323
22.820	33323
22.830	33324
22.840	33323
22.854	33321
22.860	33322
22.870	33320
22.880	33319
22.890	33319
22.900	33319
22.910	33322
22.920	33321
22.930	33323
22.940	33320
22.950	33324
22.960	33323
22.970	33322
22.980	33323
22.990	33323
23.000	33320
23.010	33325
23.020	33324
23.030	33322
23.040	33323
23.050	33316
23.060	33322
23.070	33320
23.080	33322
23.090	33320
23.100	33325
23.110	33321
23.120	33321
23.130	33325
23.140	33323
23.150	33321
23.160	33321
23.170	33322
23.180	33317
23.190	33321
23.200	33320
23.210	33322
23.220	33320
23.230	33323
23.240	33321
23.250	33320
23.260	33322
23.270	33323
23.280	33321
23.290	33319
23.300	33321
23.310	33324
23.320	33321
23.330	33323
23.340	33321
23.350	33322
23.360	33323
23.370	33320
23.380	33322
23.390	33323
23.400	33319
23.410	33318
23.420	33326
23.430	33320
23.440	33322
23.450	33322
23.460	33322
23.470	33319
23.480	33322
23.490	33319
23.500	33323
23.510	33322
23.520	33323
23.530	33317
23.540	33323
23.550	33319
23.560	33321
23.570	33321
23.580	33318
23.590	33320
23.600	33323
23.610	33319
23.620	33321
23.630	33318
23.640	33319
23.650	33323
23.660	33323
23.670	33326
23.680	33322
23.690	33324
23.700	33324
23.710	33323
23.720	33323
23.730	33317
23.740	33319
23.750	33320
23.760	33321
23.770	33320
23.780	33323
23.790	33319
23.800	33327
23.810	33322
23.820	33322
23.831	33320
23.840	33318
23.850	33320
23.860	33320
23.870	33320
23.880	33322
23.890	33326
23.900	33323
23.910	33320
23.920	33324
23.930	33321
23.940	33321
23.950	33319
23.960	33318
23.970	33322
23.981	33321
23.990	33323
24.000	33321
24.010	33322
24.020	33319
24.030	33317
24.040	33319
24.050	33323
24.060	33318
24.070	33318
24.080	33321
24.090	33323
24.100	33319
24.110	33324
24.120	33319
24.130	33323
24.140	33321
24.150	33325
24.160	33323
24.170	33319
24.180	33324
24.190	33322
24.200	33313
24.210	33313
24.220	33317
24.230	33319
24.240	33326
24.250	33323
24.260	33321
24.270	33325
24.280	33320
24.290	33321
24.300	33321
24.310	33315
24.320	33317
24.330	33317
24.340	33319
24.350	33321
24.360	33324
24.370	33326
24.380	33326
24.390	33319
24.400	33324
24.410	33319
24.420	33318
24.430	33317
24.440	33320
24.450	33318
24.460	33323
24.470	33327
24.480	33325
24.490	33326
24.501	33321
24.510	33323
24.520	33320
24.530	33319
24.540	33319
24.550	33322
24.560	33324
24.570	33323
24.580	33326
24.590	33322
24.600	33321
24.610	33320
24.620	33318
24.630	33321
24.640	33323
24.650	33319
24.660	33318
24.670	33324
24.680	33332
24.690	33328
24.700	33321
24.710	33324
24.720	33322
24.730	33318
24.740	33320
24.750	33320
24.760	33316
24.770	33321
24.780	33321
24.790	33326
24.800	33324
24.810	33320
24.820	33325
24.830	33325
24.840	33320
24.850	33321
24.860	33320
24.870	33322
24.880	33325
24.890	33325
24.900	33322
24.912	33320
24.920	33317
24.930	33321
24.940	33321
24.950	33319
24.960	33321
24.970	33321
24.980	33323
24.990	33323
25.000	33321
25.010	33324
25.020	33324
25.030	33319
25.040	33320
25.050	33322
25.060	33323
25.070	33321
25.081	33317
25.090	33323
25.100	33319
25.110	33320
25.120	33322
25.130	33320
25.140	33323
25.150	33323
25.160	33322
25.170	33321
25.180	33321
25.190	33325
25.200	33322
25.210	33321
25.220	33320
25.230	33322
25.240	33317
25.250	33323
25.260	33322
25.270	33324
25.280	33322
25.290	33326
25.300	33321
25.310	33322
25.320	33324
25.330	33321
25.340	33321
25.350	33322
25.360	33324
25.370	33324
25.380	33321
25.390	33320
25.400	33320
25.410	33321
25.420	33318
25.430	33319
25.440	33322
25.450	33322
25.460	33320
25.470	33322
25.480	33321
25.490	33320
25.500	33320
25.510	33322
25.520	33323
25.530	33323
25.540	33323
25.550	33322
25.560	33322
25.570	33320
25.580	33321
25.590	33323
25.600	33320
25.610	33321
25.620	33321
25.630	33321
25.640	33322
25.650	33322
25.660	33323
25.670	33320
25.680	33318
25.690	33317
25.700	33315
25.710	33319
25.720	33322
25.730	33321
25.740	33319
25.750	33320
25.760	33320
25.770	33321
25.780	33321
25.790	33318
25.800	33319
25.810	33319
25.820	33315
25.830	33317
25.840	33322
25.850	33319
25.860	33320
25.870	33320
25.884	33321
25.890	33322
25.900	33322
25.910	33319
25.920	33316
25.930	33321
25.942	33320
25.950	33323
25.960	33322
25.970	33321
25.980	33320
25.990	33320
26.000	33316
26.010	33320
26.020	33322
26.030	33322
26.040	33322
26.050	33321
26.060	33319
26.070	33322
26.080	33317
26.090	33320
26.100	33321
26.110	33318
26.120	33324
26.131	33319
26.140	33330
26.150	33323
26.160	33316
26.170	33321
26.180	33321
26.190	33320
26.200	33320
26.210	33320
26.220	33322
26.230	33321
26.240	33320
26.250	33322
26.260	33321
26.270	33320
26.280	33321
26.290	33317
26.300	33323
26.310	33320
26.320	33322
26.330	33319
26.340	33320
26.350	33321
26.360	33321
26.370	33321
26.380	33321
26.390	33325
26.400	33322
26.410	33322
26.420	33319
26.430	33322
26.440	33324
26.450	33322
26.460	33318
26.470	33320
26.480	33324
26.490	33319
26.500	33324
26.510	33319
26.520	33323
26.530	33318
26.540	33322
26.550	33323
26.560	33322
26.570	33322
26.580	33321
26.590	33326
26.600	33319
26.610	33320
26.620	33319
26.630	33322
26.640	33322
26.650	33319
26.660	33322
26.670	33321
26.680	33318
26.690	33318
26.700	33319
26.710	33320
26.720	33320
26.730	33321
26.740	33321
26.750	33316
26.760	33321
26.770	33318
26.780	33323
26.790	33320
26.800	33319
26.810	33322
26.820	33321
26.830	33319
26.840	33319
26.850	33321
26.860	33318
26.870	33319
26.881	33320
26.890	33319
26.900	33323
26.910	33325
26.920	33324
26.930	33323
26.940	33323
26.950	33323
26.960	33318
26.970	33321
26.980	33320
26.990	33320
27.000	33320
27.010	33321
27.020	33322
27.031	33319
27.040	33318
27.050	33321
27.060	33325
27.070	33323
27.080	33320
27.090	33323
27.100	33320
27.110	33323
27.120	33319
27.130	33317
27.140	33321
27.150	33318
27.160	33318
27.170	33321
27.180	33320
27.190	33319
27.200	33320
27.210	33323
27.220	33317
27.234	33318
27.240	33319
27.250	33321
27.260	33324
27.270	33319
27.280	33322
27.290	33319
27.300	33321
27.310	33322
27.320	33322
27.330	33321
27.340	33324
27.350	33325
27.360	33321
27.370	33322
27.380	33319
27.390	33322
27.400	33320
27.410	33319
27.420	33322
27.430	33322
27.440	33318
27.450	33322
27.460	33320
27.470	33321
27.480	33321
27.490	33320
27.500	33320
27.510	33325
27.520	33318
27.530	33317
27.540	33322
27.550	33316
27.560	33316
27.570	33321
27.580	33321
27.590	33321
27.600	33323
27.610	33318
27.620	33321
27.630	33321
27.640	33321
27.650	33321
27.660	33317
27.670	33319
27.680	33320
27.690	33319
27.700	33317
27.710	33322
27.720	33319
27.730	33317
27.740	33322
27.750	33322
27.760	33324
27.770	33321
27.780	33321
27.790	33319
27.800	33321
27.810	33321
27.820	33319
27.831	33323
27.840	33322
27.850	33318
27.860	33318
27.870	33323
27.880	33320
27.890	33320
27.900	33320
27.910	33318
27.920	33318
27.930	33322
27.940	33318
27.950	33318
27.960	33321
27.970	33320
27.980	33318
27.990	33319
28.000	33322
28.010	33319
28.020	33321
28.030	33321
28.040	33322
28.050	33323
28.060	33322
28.070	33318
28.080	33324
28.090	33320
28.100	33320
28.110	33317
28.120	33322
28.130	33323
28.140	33321
28.150	33318
28.160	33320
28.170	33321
28.180	33318
28.190	33319
28.200	33320
28.210	33316
28.220	33322
28.230	33318
28.240	33319
28.250	33320
28.260	33320
28.270	33322
28.280	33321
28.291	33322
28.300	33319
28.310	33322
28.320	33322
28.330	33321
28.340	33318
28.350	33320
28.360	33322
28.370	33322
28.380	33321
28.390	33321
28.400	33321
28.410	33322
28.420	33319
28.430	33321
28.440	33319
28.450	33323
28.460	33322
28.470	33319
28.480	33316
28.490	33319
28.500	33324
28.510	33318
28.520	33318
28.530	33322
28.540	33323
28.550	33320
28.560	33323
28.570	33323
28.580	33319
28.590	33319
28.600	33322
28.610	33319
28.620	33321
28.630	33323
28.640	33323
28.651	33321
28.660	33320
28.670	33323
28.680	33322
28.690	33322
28.700	33319
28.710	33321
28.720	33320
28.730	33321
28.740	33319
28.750	33318
28.760	33321
28.770	33323
28.780	33322
28.790	33318
28.800	33319
28.812	33319
28.820	33322
28.830	33319
28.840	33318
28.850	33320
28.860	33319
28.870	33322
28.880	33320
28.890	33320
28.900	33318
28.910	33321
28.920	33318
28.930	33323
28.940	33322
28.950	33317
28.960	33320
28.970	33323
28.980	33320
28.990	33319
29.000	33320
29.011	33318
29.020	33317
29.030	33320
29.040	33321
29.050	33322
29.060	33319
29.070	33321
29.080	33317
29.090	33318
29.100	33318
29.110	33316
29.120	33322
29.130	33319
29.140	33321
29.150	33321
29.160	33320
29.170	33320
29.180	33321
29.190	33322
29.200	33323
29.210	33317
29.220	33319
29.230	33324
29.240	33322
29.250	33324
29.260	33323
29.270	33320
29.280	33317
29.290	33316
29.301	33326
29.311	33324
29.320	33321
29.330	33322
29.340	33322
29.350	33321
29.360	33320
29.370	33321
29.380	33322
29.390	33322
29.400	33317
29.410	33320
29.420	33320
29.430	33316
29.440	33319
29.450	33318
29.460	33319
29.470	33320
29.480	33321
29.490	33321
29.500	33320
29.510	33322
29.520	33322
29.530	33321
29.540	33321
29.550	33320
29.560	33323
29.570	33323
29.580	33319
29.590	33319
29.600	33324
29.610	33323
29.620	33318
29.630	33314
29.640	33318
29.650	33319
29.663	33322
29.670	33321
29.680	33318
29.690	33322
29.700	33322
29.710	33320
29.720	33318
29.730	33322
29.740	33318
29.750	33321
29.760	33320
29.770	33322
29.780	33323
29.790	33320
29.800	33322
29.810	33321
29.820	33324
29.830	33318
29.840	33319
29.850	33320
29.860	33322
29.870	33320
29.880	33321
29.890	33321
29.900	33323
29.910	33321
29.920	33323
29.931	33323
29.940	33322
29.950	33322
29.960	33322
29.970	33322
29.980	33319
29.990	33318
30.000	33320
30.010	33318
30.020	33320
30.030	33321
30.040	33322
30.050	33320
30.060	33321
30.070	33320
30.080	33319
30.090	33320
30.100	33318
30.110	33319
30.120	33318
30.130	33320
30.140	33317
30.150	33322
30.160	33320
30.170	33318
30.180	33319
30.190	33321
30.200	33320
30.210	33320
30.220	33322
30.230	33321
30.240	33321
30.250	33319
30.260	33321
30.270	33320
30.280	33321
30.290	33319
30.300	33322
30.310	33322
30.320	33316
30.330	33318
30.340	33320
30.350	33321
30.360	33317
30.370	33318
30.381	33317
30.390	33323
30.400	33321
30.410	33319
30.420	33321
30.430	33321
30.440	33323
30.450	33319
30.460	33322
30.470	33320
30.480	33316
30.491	33322
30.500	33319
30.510	33322
30.520	33321
30.530	33323
30.540	33323
30.550	33320
30.560	33322
30.570	33320
30.580	33321
30.590	33324
30.600	33318
30.610	33322
30.620	33321
30.630	33317
30.640	33321
30.650	33318
30.660	33320
30.670	33319
30.680	33323
30.690	33322
30.700	33318
30.710	33316
30.720	33318
30.730	33321
30.740	33322
30.750	33319
30.760	33320
30.770	33321
30.780	33324
30.790	33317
30.800	33318
30.810	33317
30.820	33317
30.830	33320
30.840	33318
30.850	33320
30.860	33318
30.870	33323
30.880	33322
30.890	33318
30.900	33318
30.910	33318
30.920	33318
30.930	33319
30.940	33321
30.950	33320
30.960	33323
30.970	33321
30.980	33318
30.990	33323
31.000	33319
31.010	33321
31.020	33321
31.030	33318
31.040	33318
31.050	33315
31.060	33320
31.070	33320
31.080	33323
31.090	33321
31.100	33321
31.110	33320
31.120	33320
31.130	33320
31.140	33321
31.150	33319
31.160	33321
31.170	33322
31.180	33320
31.190	33319
31.200	33320
31.210	33316
31.220	33322
31.230	33318
31.240	33321
31.250	33324
31.260	33317
31.270	33319
31.280	33320
31.290	33322
31.300	33321
31.310	33316
31.320	33319
31.330	33321
31.340	33320
31.350	33319
31.360	33317
31.370	33317
31.380	33322
31.390	33320
31.400	33321
31.410	33322
31.420	33321
31.430	33318
31.440	33321
31.450	33318
31.460	33318
31.470	33322
31.480	33323
31.490	33320
31.500	33322
31.510	33321
31.520	33319
31.530	33320
31.540	33324
31.551	33321
31.560	33322
31.570	33319
31.580	33318
31.590	33323
31.600	33321
31.610	33316
31.620	33323
31.631	33321
31.640	33319
31.650	33318
31.660	33318
31.670	33320
31.680	33321
31.690	33320
31.700	33324
31.710	33323
31.720	33319
31.730	33320
31.740	33322
31.750	33320
31.760	33319
31.770	33324
31.780	33319
31.790	33320
31.800	33319
31.810	33321
31.820	33321
31.830	33316
31.840	33319
31.850	33318
31.860	33321
31.870	33320
31.880	33324
31.890	33320
31.900	33317
31.910	33314
31.920	33318
31.930	33318
31.940	33321
31.950	33322
31.960	33321
31.970	33319
31.980	33320
31.990	33320
32.000	33320
32.010	33315
32.020	33319
32.030	33318
32.040	33321
32.050	33322
32.060	33321
32.070	33323
32.080	33321
32.090	33325
32.100	33319
32.110	33318
32.120	33322
32.130	33319
32.140	33321
32.150	33318
32.160	33320
32.170	33321
32.180	33322
32.190	33321
32.200	33318
32.210	33319
32.220	33319
32.230	33320
32.240	33321
32.250	33322
32.260	33323
32.270	33321
32.280	33318
32.290	33317
32.300	33319
32.310	33322
32.320	33314
32.330	33319
32.340	33321
32.350	33323
32.360	33321
32.370	33323
32.380	33328
32.390	33320
32.400	33319
32.410	33317
32.420	33319
32.430	33323
32.440	33318
32.450	33322
32.460	33321
32.470	33320
32.480	33317
32.490	33319
32.500	33324
32.510	33323
32.520	33318
32.530	33318
32.540	33321
32.550	33321
32.560	33319
32.570	33318
32.580	33320
32.590	33318
32.600	33315
32.610	33321
32.620	33317
32.630	33319
32.640	33319
32.650	33322
32.660	33320
32.670	33318
32.680	33322
32.690	33320
32.700	33318
32.710	33318
32.720	33319
32.730	33321
32.740	33318
32.750	33319
32.760	33321
32.770	33319
32.780	33316
32.790	33317
32.800	33318
32.810	33318
32.820	33320
32.830	33321
32.840	33321
32.850	33321
32.860	33324
32.870	33321
32.880	33321
32.890	33321
32.900	33320
32.910	33322
32.920	33318
32.930	33322
32.940	33319
32.950	33320
32.960	33316
32.970	33321
32.980	33323
32.990	33320
33.000	33320
33.010	33320
33.020	33320
33.030	33320
33.040	33320
33.050	33322
33.060	33319
33.070	33322
33.080	33316
33.091	33320
33.100	33318
33.110	33321
33.120	33322
33.130	33317
33.140	33319
33.150	33322
33.160	33317
33.170	33322
33.180	33322
33.190	33323
33.200	33318
33.210	33322
33.220	33322
33.230	33320
33.240	33321
33.250	33319
33.260	33319
33.270	33322
33.280	33319
33.290	33319
33.300	33319
33.310	33317
33.320	33321
33.334	33321
33.340	33316
33.350	33319
33.360	33321
33.370	33316
33.380	33320
33.390	33323
33.400	33321
33.410	33320
33.420	33321
33.430	33319
33.440	33322
33.450	33320
33.460	33319
33.470	33320
33.480	33318
33.490	33319
33.500	33320
33.510	33315
33.520	33320
33.530	33320
33.540	33322
33.550	33321
33.560	33323
33.570	33321
33.580	33323
33.590	33320
33.600	33318
33.610	33317
33.620	33319
33.630	33318
33.640	33316
33.650	33317
33.660	33317
33.670	33316
33.680	33322
33.690	33319
33.700	33323
33.710	33321
33.722	33321
33.733	33323
33.740	33317
33.750	33319
33.760	33321
33.770	33320
33.780	33320
33.790	33320
33.800	33321
33.810	33319
33.820	33318
33.830	33323
33.840	33323
33.850	33319
33.860	33319
33.870	33319
33.880	33322
33.890	33319
33.900	33317
33.910	33319
33.920	33320
33.930	33321
33.940	33319
33.950	33319
33.960	33320
33.970	33315
33.980	33317
33.990	33317
34.000	33319
34.010	33322
34.020	33318
34.030	33319
34.040	33318
34.050	33321
34.060	33318
34.070	33320
34.081	33319
34.090	33320
34.100	33321
34.110	33320
34.120	33317
34.130	33322
34.140	33322
34.150	33318
34.160	33321
34.170	33318
34.180	33316
34.190	33318
34.200	33318
34.210	33320
34.220	33321
34.230	33324
34.240	33322
34.250	33322
34.260	33318
34.270	33318
34.280	33322
34.290	33318
34.300	33320
34.310	33320
34.320	33320
34.330	33322
34.340	33320
34.350	33320
34.360	33319
34.370	33318
34.380	33319
34.393	33321
34.402	33323
34.410	33321
34.420	33318
34.430	33320
34.440	33319
34.450	33322
34.460	33316
34.470	33319
34.480	33324
34.490	33319
34.500	33315
34.510	33315
34.520	33321
34.530	33323
34.540	33320
34.550	33321
34.560	33317
34.570	33322
34.580	33321
34.590	33323
34.600	33322
34.610	33320
34.620	33322
34.630	33321
34.640	33323
34.650	33320
34.660	33322
34.670	33320
34.680	33320
34.690	33322
34.700	33321
34.710	33319
34.720	33316
34.730	33318
34.740	33319
34.750	33320
34.761	33320
34.770	33319
34.780	33320
34.790	33319
34.800	33319
34.810	33321
34.820	33321
34.831	33324
34.840	33322
34.850	33323
34.865	33322
34.870	33319
34.880	33318
34.890	33322
34.900	33318
34.910	33320
34.920	33321
34.930	33320
34.940	33323
34.950	33320
34.960	33319
34.970	33318
34.980	33317
34.990	33322
35.000	33322
35.010	33319
35.020	33324
35.030	33319
35.040	33321
35.050	33320
35.060	33323
35.070	33322
35.080	33321
35.090	33319
35.100	33318
35.110	33321
35.120	33321
35.130	33324
35.140	33323
35.150	33322
35.160	33320
35.170	33320
35.180	33316
35.190	33318
35.200	33321
35.210	33320
35.220	33324
35.230	33320
35.240	33317
35.250	33317
35.260	33317
35.270	33321
35.280	33322
35.290	33320
35.300	33321
35.310	33318
35.320	33317
35.330	33319
35.340	33318
35.350	33319
35.360	33317
35.370	33318
35.380	33319
35.390	33319
35.400	33321
35.410	33319
35.420	33321
35.430	33318
35.440	33317
35.450	33320
35.460	33315
35.470	33321
35.480	33319
35.490	33319
35.500	33320
35.510	33318
35.520	33320
35.530	33316
35.540	33315
35.550	33317
35.560	33321
35.570	33317
35.580	33318
35.590	33318
35.600	33323
35.610	33313
35.620	33321
35.630	33322
35.640	33317
35.650	33322
35.660	33317
35.670	33314
35.680	33319
35.690	33316
35.700	33320
35.710	33323
35.720	33323
35.730	33320
35.740	33318
35.750	33319
35.760	33319
35.770	33321
35.780	33323
35.790	33321
35.800	33319
35.810	33320
35.820	33319
35.830	33321
35.840	33323
35.850	33320
35.860	33319
35.870	33320
35.880	33318
35.890	33317
35.900	33322
35.910	33321
35.920	33322
35.930	33320
35.940	33324
35.950	33323
35.960	33320
35.970	33319
35.980	33319
35.990	33320
36.000	33324
36.010	33318
36.020	33320
36.030	33318
36.040	33323
36.050	33323
36.060	33320
36.070	33320
36.080	33317
36.090	33317
36.100	33317
36.110	33318
36.120	33317
36.130	33318
36.140	33318
36.150	33323
36.160	33320
36.170	33317
36.180	33320
36.190	33321
36.200	33320
36.210	33318
36.220	33319
36.230	33321
36.240	33318
36.250	33322
36.260	33319
36.270	33318
36.280	33318
36.290	33314
36.300	33318
36.310	33321
36.320	33321
36.330	33320
36.340	33323
36.350	33318
36.360	33319
36.370	33314
36.380	33321
36.390	33318
36.400	33317
36.410	33316
36.420	33318
36.430	33318
36.440	33317
36.450	33321
36.460	33321
36.470	33320
36.480	33314
36.490	33318
36.500	33320
36.510	33321
36.520	33324
36.530	33319
36.542	33322
36.550	33320
36.560	33318
36.571	33321
36.580	33319
36.590	33319
36.600	33322
36.610	33317
36.620	33320
36.630	33322
36.640	33324
36.650	33320
36.660	33320
36.670	33320
36.680	33318
36.690	33317
36.700	33320
36.710	33322
36.720	33320
36.730	33320
36.740	33317
36.750	33315
36.760	33316
36.770	33326
36.780	33318
36.790	33319
36.800	33320
36.810	33317
36.820	33318
36.830	33320
36.840	33322
36.850	33322
36.860	33318
36.870	33318
36.880	33323
36.890	33322
36.900	33319
36.910	33319
36.920	33319
36.930	33318
36.940	33321
36.950	33319
36.960	33319
36.970	33319
36.980	33320
36.990	33319
37.000	33319
37.010	33317
37.020	33318
37.030	33320
37.040	33319
37.050	33317
37.060	33316
37.070	33319
37.080	33322
37.090	33318
37.100	33320
37.110	33316
37.120	33321
37.130	33323
37.140	33322
37.150	33320
37.160	33323
37.170	33316
37.180	33321
37.190	33322
37.200	33321
37.210	33316
37.220	33320
37.230	33321
37.240	33318
37.250	33319
37.260	33318
37.270	33318
37.280	33319
37.290	33317
37.300	33320
37.310	33324
37.320	33318
37.330	33318
37.340	33319
37.350	33319
37.360	33319
37.370	33320
37.380	33320
37.390	33322
37.400	33320
37.410	33318
37.420	33321
37.430	33317
37.440	33319
37.450	33316
37.460	33318
37.470	33318
37.480	33321
37.490	33317
37.500	33317
37.510	33317
37.520	33318
37.530	33321
37.540	33316
37.550	33319
37.560	33319
37.570	33318
37.580	33319
37.590	33317
37.600	33321
37.610	33316
37.620	33318
37.630	33316
37.640	33320
37.650	33316
37.660	33321
37.670	33319
37.680	33318
37.690	33318
37.700	33319
37.710	33322
37.720	33320
37.730	33319
37.740	33319
37.750	33317
37.760	33314
37.770	33323
37.780	33315
37.790	33319
37.800	33319
37.810	33317
37.820	33320
37.830	33320
37.840	33318
37.850	33319
37.860	33320
37.870	33317
37.880	33323
37.890	33323
37.900	33322
37.910	33323
37.920	33320
37.930	33319
37.940	33315
37.950	33319
37.960	33319
37.970	33316
37.980	33319
37.990	33319
38.000	33319
38.010	33316
38.020	33320
38.030	33317
38.040	33319
38.051	33313
38.060	33315
38.070	33321
38.080	33316
38.090	33315
38.100	33319
38.110	33319
38.120	33321
38.130	33314
38.140	33319
38.150	33320
38.160	33314
38.170	33317
38.180	33318
38.192	33317
38.200	33321
38.210	33319
38.220	33316
38.230	33316
38.240	33317
38.250	33318
38.260	33320
38.270	33319
38.280	33317
38.290	33316
38.300	33317
38.310	33319
38.320	33319
38.330	33321
38.340	33319
38.350	33316
38.360	33318
38.370	33318
38.380	33319
38.390	33320
38.400	33319
38.410	33320
38.420	33318
38.430	33320
38.440	33316
38.450	33318
38.460	33319
38.470	33316
38.480	33319
38.490	33319
38.500	33317
38.510	33318
38.520	33315
38.530	33318
38.540	33318
38.550	33319
38.560	33321
38.570	33317
38.580	33316
38.590	33318
38.600	33318
38.610	33318
38.620	33318
38.630	33317
38.640	33319
38.650	33317
38.660	33317
38.670	33319
38.680	33316
38.690	33317
38.700	33319
38.710	33319
38.720	33319
38.730	33318
38.740	33320
38.750	33318
38.760	33317
38.770	33319
38.780	33317
38.790	33317
38.800	33318
38.810	33315
38.820	33317
38.830	33320
38.840	33318
38.850	33319
38.860	33316
38.870	33320
38.880	33317
38.890	33312
38.900	33320
38.910	33319
38.920	33318
38.930	33317
38.940	33319
38.950	33317
38.960	33321
38.970	33317
38.980	33322
38.990	33319
39.000	33316
39.010	33320
39.020	33317
39.030	33319
39.040	33317
39.050	33320
39.060	33315
39.070	33317
39.080	33320
39.090	33318
39.100	33317
39.110	33321
39.120	33316
39.130	33319
39.140	33319
39.150	33318
39.160	33315
39.172	33319
39.180	33319
39.190	33319
39.200	33321
39.210	33319
39.220	33321
39.230	33320
39.240	33316
39.250	33321
39.260	33318
39.270	33319
39.280	33316
39.290	33318
39.300	33318
39.310	33318
39.320	33319
39.330	33318
39.340	33317
39.350	33321
39.360	33317
39.370	33317
39.380	33322
39.390	33317
39.400	33319
39.410	33322
39.420	33316
39.430	33315
39.440	33316
39.450	33319
39.460	33321
39.470	33319
39.480	33321
39.490	33322
39.500	33319
39.510	33321
39.520	33318
39.530	33320
39.540	33320
39.550	33321
39.564	33320
39.570	33320
39.580	33316
39.590	33318
39.600	33319
39.610	33318
39.620	33321
39.630	33322
39.640	33321
39.650	33321
39.660	33321
39.670	33322
39.680	33317
39.690	33317
39.700	33318
39.710	33320
39.720	33316
39.731	33317
39.740	33319
39.750	33316
39.760	33316
39.770	33321
39.780	33320
39.790	33319
39.800	33318
39.810	33317
39.820	33317
39.830	33319
39.840	33317
39.850	33319
39.860	33317
39.870	33319
39.880	33316
39.890	33320
39.900	33322
39.910	33317
39.920	33319
39.930	33320
39.940	33318
39.950	33315
39.960	33321
39.970	33320
39.980	33320
39.991	33319
40.000	33316
40.010	33319
40.020	33321
40.030	33321
40.040	33319
40.050	33319
40.060	33317
40.070	33318
40.080	33317
40.090	33320
40.100	33319
40.110	33321
40.120	33320
40.130	33319
40.140	33320
40.150	33317
40.160	33320
40.170	33320
40.180	33320
40.190	33323
40.200	33321
40.210	33318
40.220	33318
40.230	33318
40.240	33320
40.250	33316
40.260	33320
40.270	33316
40.280	33316
40.290	33320
40.300	33318
40.310	33317
40.320	33318
40.330	33320
40.340	33317
40.350	33317
40.360	33318
40.370	33318
40.380	33320
40.390	33321
40.400	33317
40.410	33318
40.420	33322
40.430	33319
40.440	33319
40.450	33315
40.460	33319
40.470	33320
40.480	33315
40.490	33321
40.500	33318
40.510	33315
40.520	33318
40.530	33316
40.540	33319
40.550	33318
40.560	33319
40.570	33314
40.580	33318
40.590	33317
40.600	33318
40.610	33318
40.620	33317
40.630	33316
40.640	33320
40.650	33318
40.660	33317
40.670	33315
40.680	33319
40.690	33321
40.700	33318
40.710	33319
40.720	33320
40.730	33316
40.740	33315
40.750	33317
40.760	33315
40.770	33314
40.780	33319
40.790	33318
40.800	33318
40.810	33316
40.820	33318
40.830	33318
40.840	33316
40.850	33321
40.860	33319
40.870	33318
40.881	33319
40.890	33320
40.900	33318
40.910	33316
40.920	33320
40.930	33318
40.940	33321
40.950	33319
40.960	33323
40.970	33318
40.980	33320
40.990	33317
41.000	33319
41.010	33320
41.020	33314
41.030	33322
41.040	33320
41.050	33319
41.060	33317
41.070	33322
41.080	33321
41.090	33315
41.100	33316
41.110	33321
41.120	33319
41.130	33318
41.140	33314
41.150	33320
41.160	33320
41.170	33319
41.180	33320
41.190	33321
41.200	33318
41.210	33323
41.220	33319
41.230	33319
41.240	33318
41.250	33322
41.260	33321
41.270	33315
41.280	33321
41.290	33317
41.300	33318
41.310	33317
41.320	33320
41.330	33321
41.340	33319
41.350	33319
41.360	33318
41.370	33315
41.380	33318
41.390	33317
41.400	33321
41.410	33318
41.420	33317
41.430	33321
41.440	33319
41.450	33319
41.460	33322
41.470	33315
41.480	33318
41.490	33320
41.500	33319
41.510	33322
41.520	33322
41.530	33317
41.540	33319
41.550	33317
41.560	33318
41.570	33322
41.580	33319
41.590	33321
41.600	33317
41.610	33322
41.620	33318
41.630	33318
41.640	33322
41.650	33316
41.660	33318
41.670	33317
41.680	33317
41.690	33317
41.700	33320
41.710	33319
41.720	33317
41.730	33314
41.740	33320
41.750	33317
41.760	33321
41.770	33317
41.780	33318
41.790	33322
41.800	33317
41.810	33317
41.820	33317
41.830	33321
41.840	33318
41.850	33316
41.860	33317
41.870	33318
41.881	33320
41.890	33318
41.900	33319
41.910	33318
41.920	33319
41.930	33315
41.940	33321
41.950	33322
41.960	33318
41.970	33320
41.980	33321
41.990	33320
42.000	33317
42.010	33320
42.020	33316
42.030	33322
42.040	33318
42.050	33317
42.060	33315
42.070	33320
42.080	33318
42.090	33320
42.100	33316
42.110	33321
42.120	33322
42.130	33321
42.140	33320
42.150	33321
42.160	33319
42.170	33320
42.180	33314
42.190	33319
42.200	33316
42.210	33319
42.220	33319
42.230	33319
42.240	33317
42.250	33316
42.260	33321
42.270	33314
42.280	33320
42.290	33317
42.300	33320
42.310	33317
42.320	33322
42.330	33321
42.340	33318
42.350	33319
42.360	33320
42.370	33319
42.380	33316
42.390	33320
42.400	33315
42.410	33320
42.420	33322
42.430	33316
42.440	33318
42.450	33321
42.460	33315
42.470	33318
42.480	33318
42.490	33317
42.500	33321
42.510	33322
42.520	33316
42.530	33318
42.540	33318
42.550	33318
42.560	33320
42.570	33315
42.580	33319
42.590	33320
42.600	33316
42.610	33320
42.620	33318
42.630	33318
42.640	33319
42.650	33320
42.660	33317
42.670	33317
42.680	33320
42.690	33314
42.700	33317
42.710	33319
42.720	33320
42.730	33319
42.740	33320
42.750	33320
42.760	33320
42.770	33320
42.780	33319
42.790	33318
42.800	33321
42.810	33316
42.820	33318
42.830	33321
42.840	33318
42.850	33319
42.860	33317
42.870	33320
42.880	33316
42.890	33316
42.900	33320
42.910	33320
42.920	33317
42.930	33320
42.940	33317
42.950	33322
42.960	33314
42.970	33318
42.980	33318
42.990	33319
43.000	33322
43.010	33318
43.020	33318
43.030	33313
43.040	33318
43.050	33318
43.060	33323
43.070	33319
43.080	33316
43.090	33318
43.100	33320
43.110	33317
43.120	33316
43.130	33319
43.140	33318
43.150	33317
43.160	33320
43.170	33317
43.180	33316
43.190	33315
43.200	33318
43.210	33314
43.220	33314
43.230	33314
43.240	33319
43.250	33320
43.260	33322
43.270	33316
43.280	33317
43.290	33318
43.300	33321
43.310	33322
43.320	33316
43.330	33315
43.340	33319
43.350	33319
43.360	33316
43.370	33318
43.380	33318
43.390	33317
43.400	33315
43.410	33319
43.420	33319
43.430	33316
43.440	33315
43.450	33314
43.460	33315
43.470	33317
43.480	33318
43.490	33319
43.500	33320
43.510	33319
43.520	33318
43.534	33320
43.540	33316
43.550	33322
43.560	33317
43.570	33315
43.580	33316
43.590	33319
43.600	33317
43.610	33318
43.620	33318
43.630	33318
43.640	33318
43.650	33317
43.660	33318
43.670	33320
43.683	33319
43.690	33316
43.702	33320
43.710	33315
43.720	33318
43.730	33317
43.740	33317
43.750	33320
43.760	33321
43.770	33320
43.780	33322
43.790	33318
43.800	33319
43.810	33317
43.820	33318
43.830	33318
43.840	33318
43.850	33315
43.863	33316
43.871	33316
43.880	33314
43.890	33315
43.900	33319
43.910	33320
43.920	33319
43.935	33319
43.940	33317
43.950	33322
43.960	33319
43.970	33319
43.980	33318
43.990	33318
44.000	33320
44.010	33315
44.020	33315
44.030	33316
44.040	33317
44.050	33317
44.060	33316
44.070	33317
44.080	33319
44.090	33315
44.100	33318
44.110	33322
44.120	33318
44.130	33319
44.140	33323
44.150	33317
44.160	33318
44.170	33317
44.180	33317
44.190	33321
44.200	33318
44.210	33318
44.220	33317
44.230	33317
44.240	33316
44.250	33316
44.260	33318
44.270	33319
44.280	33316
44.290	33318
44.300	33317
44.310	33320
44.320	33319
44.330	33315
44.340	33319
44.350	33319
44.360	33317
44.370	33317
44.380	33316
44.390	33320
44.400	33316
44.410	33322
44.420	33319
44.430	33316
44.440	33314
44.450	33316
44.460	33316
44.470	33319
44.480	33318
44.490	33318
44.500	33319
44.510	33320
44.520	33319
44.530	33316
44.540	33319
44.550	33321
44.560	33316
44.570	33319
44.580	33320
44.590	33321
44.600	33322
44.610	33319
44.620	33316
44.630	33322
44.640	33319
44.650	33318
44.660	33318
44.670	33318
44.680	33324
44.690	33317
44.700	33320
44.710	33316
44.720	33317
44.730	33315
44.740	33315
44.750	33317
44.760	33319
44.770	33318
44.780	33317
44.790	33318
44.800	33318
44.810	33319
44.820	33316
44.830	33317
44.840	33319
44.850	33318
44.860	33318
44.870	33318
44.880	33316
44.890	33320
44.900	33321
44.910	33319
44.920	33316
44.930	33318
44.940	33317
44.950	33318
44.960	33319
44.970	33317
44.980	33323
44.990	33323
45.000	33320
45.010	33318
45.020	33319
45.030	33318
45.040	33319
45.050	33318
45.060	33322
45.070	33316
45.080	33318
45.090	33321
45.100	33316
45.110	33318
45.120	33319
45.130	33317
45.140	33316
45.150	33318
45.160	33320
45.170	33316
45.180	33318
45.190	33316
45.200	33316
45.210	33318
45.220	33313
45.230	33316
45.240	33318
45.250	33316
45.260	33314
45.270	33318
45.280	33314
45.290	33317
45.300	33316
45.310	33314
45.320	33317
45.330	33317
45.340	33319
45.350	33317
45.360	33312
45.370	33317
45.380	33317
45.390	33318
45.400	33316
45.410	33317
45.420	33317
45.430	33320
45.440	33314
45.450	33316
45.460	33317
45.470	33319
45.480	33316
45.490	33317
45.500	33316
45.510	33316
45.520	33319
45.530	33315
45.540	33315
45.550	33319
45.560	33320
45.570	33316
45.580	33314
45.590	33316
45.600	33315
45.610	33316
45.620	33315
45.630	33315
45.640	33317
45.650	33316
45.660	33319
45.670	33318
45.680	33313
45.690	33314
45.700	33319
45.710	33316
45.720	33315
45.730	33315
45.740	33315
45.750	33315
45.760	33318
45.770	33319
45.780	33319
45.790	33319
45.800	33319
45.810	33319
45.820	33316
45.830	33314
45.840	33317
45.850	33319
45.860	33316
45.870	33320
45.880	33311
45.890	33314
45.900	33318
45.910	33317
45.920	33318
45.930	33317
45.940	33318
45.950	33317
45.960	33314
45.970	33317
45.980	33317
45.990	33317
46.000	33321
46.011	33321
46.020	33314
46.030	33314
46.040	33316
46.050	33317
46.060	33318
46.070	33320
46.080	33317
46.090	33321
46.100	33318
46.110	33319
46.120	33314
46.130	33319
46.140	33317
46.150	33315
46.160	33317
46.170	33319
46.180	33315
46.190	33317
46.200	33320
46.210	33319
46.220	33315
46.230	33318
46.240	33317
46.250	33321
46.260	33320
46.270	33318
46.280	33321
46.290	33317
46.300	33318
46.310	33319
46.320	33322
46.330	33317
46.340	33315
46.350	33316
46.360	33317
46.370	33317
46.380	33319
46.390	33319
46.400	33317
46.410	33315
46.420	33316
46.430	33316
46.440	33316
46.450	33317
46.460	33317
46.470	33315
46.480	33317
46.490	33315
46.500	33317
46.510	33316
46.520	33316
46.530	33317
46.540	33318
46.550	33320
46.560	33315
46.570	33318
46.580	33319
46.590	33319
46.600	33317
46.610	33319
46.620	33314
46.630	33318
46.640	33315
46.650	33319
46.660	33318
46.670	33319
46.680	33315
46.690	33316
46.700	33318
46.710	33320
46.720	33320
46.730	33320
46.740	33318
46.750	33315
46.760	33319
46.770	33318
46.780	33314
46.790	33322
46.800	33320
46.810	33317
46.820	33317
46.830	33317
46.840	33315
46.850	33322
46.860	33321
46.870	33314
46.880	33315
46.890	33316
46.900	33314
46.910	33319
46.920	33320
46.930	33318
46.940	33319
46.950	33322
46.960	33320
46.970	33317
46.980	33318
46.990	33317
47.000	33316
47.010	33318
47.020	33314
47.030	33317
47.040	33319
47.050	33322
47.060	33317
47.070	33315
47.080	33315
47.090	33321
47.100	33317
47.110	33319
47.120	33319
47.130	33317
47.140	33319
47.150	33315
47.160	33318
47.170	33316
47.180	33316
47.190	33317
47.200	33318
47.210	33319
47.220	33317
47.230	33317
47.240	33318
47.250	33321
47.260	33317
47.270	33315
47.280	33318
47.290	33317
47.300	33315
47.310	33317
47.320	33319
47.330	33321
47.340	33319
47.350	33319
47.364	33316
47.370	33316
47.380	33318
47.390	33316
47.400	33318
47.410	33314
47.420	33318
47.430	33317
47.440	33317
47.450	33317
47.460	33320
47.470	33313
47.480	33318
47.490	33320
47.500	33319
47.510	33315
47.520	33318
47.530	33322
47.540	33318
47.550	33319
47.560	33317
47.570	33322
47.580	33315
47.590	33318
47.600	33315
47.610	33314
47.620	33319
47.630	33318
47.640	33320
47.650	33319
47.660	33316
47.670	33316
47.680	33321
47.690	33314
47.700	33315
47.710	33314
47.720	33319
47.730	33318
47.740	33317
47.750	33317
47.760	33318
47.770	33317
47.781	33316
47.791	33315
47.800	33315
47.812	33316
47.825	33318
47.831	33318
47.840	33318
47.852	33317
47.860	33319
47.871	33318
47.880	33316
47.890	33315
47.900	33318
47.910	33319
47.920	33314
47.930	33317
47.940	33314
47.952	33315
47.960	33317
47.970	33318
47.980	33320
47.990	33316
48.008	33319
48.018	33317
48.024	33319
48.030	33316
48.040	33316
48.050	33314
48.060	33320
48.070	33316
48.080	33316
48.090	33319
48.100	33315
48.110	33315
48.120	33318
48.130	33317
48.140	33316
48.150	33318
48.160	33313
48.170	33317
48.180	33318
48.190	33321
48.200	33319
48.210	33316
48.220	33316
48.230	33314
48.240	33316
48.250	33313
48.260	33314
48.270	33320
48.280	33315
48.290	33316
48.300	33318
48.310	33323
48.320	33319
48.330	33315
48.340	33320
48.350	33318
48.360	33318
48.370	33318
48.380	33316
48.390	33318
48.400	33319
48.410	33317
48.420	33322
48.430	33322
48.440	33318
48.450	33320
48.460	33319
48.470	33319
48.480	33317
48.490	33313
48.500	33314
48.510	33314
48.520	33318
48.530	33315
48.540	33318
48.550	33318
48.560	33315
48.570	33318
48.580	33316
48.590	33318
48.600	33317
48.610	33321
48.620	33317
48.630	33318
48.640	33317
48.650	33320
48.660	33319
48.670	33314
48.680	33314
48.690	33317
48.700	33318
48.710	33318
48.720	33320
48.730	33318
48.740	33316
48.750	33317
48.760	33317
48.770	33316
48.780	33319
48.790	33315
48.800	33319
48.810	33315
48.820	33319
48.830	33317
48.840	33317
48.850	33319
48.860	33317
48.870	33313
48.880	33316
48.890	33319
48.900	33316
48.910	33318
48.920	33316
48.930	33313
48.940	33315
48.950	33321
48.960	33319
48.970	33317
48.980	33318
48.990	33314
49.000	33315
49.010	33318
49.020	33316
49.030	33318
49.040	33317
49.050	33319
49.060	33318
49.070	33317
49.080	33321
49.090	33316
49.100	33318
49.110	33317
49.120	33321
49.130	33317
49.140	33315
49.150	33320
49.160	33323
49.170	33317
49.180	33318
49.190	33315
49.200	33319
49.210	33318
49.220	33314
49.230	33316
49.240	33321
49.250	33314
49.260	33316
49.270	33319
49.280	33316
49.290	33315
49.300	33317
49.310	33313
49.320	33315
49.330	33318
49.340	33322
49.350	33319
49.360	33317
49.370	33321
49.380	33319
49.390	33316
49.400	33313
49.410	33315
49.420	33316
49.430	33316
49.440	33317
49.450	33317
49.460	33317
49.470	33316
49.480	33319
49.492	33320
49.500	33319
49.510	33319
49.520	33316
49.530	33314
49.540	33317
49.550	33318
49.560	33320
49.570	33319
49.580	33314
49.590	33320
49.600	33320
49.610	33316
49.620	33318
49.630	33316
49.640	33317
49.650	33319
49.660	33317
49.670	33317
49.680	33316
49.690	33318
49.700	33317
49.710	33317
49.720	33315
49.730	33320
49.740	33318
49.750	33312
49.760	33323
49.770	33314
49.780	33315
49.790	33317
49.800	33316
49.810	33316
49.820	33318
49.830	33317
49.840	33313
49.850	33315
49.860	33317
49.870	33319
49.880	33316
49.890	33318
49.900	33318
49.910	33313
49.920	33321
49.930	33317
49.940	33317
49.950	33317
49.960	33317
49.970	33317
49.980	33319
49.990	33321
50.009	33316
50.014	33317
50.020	33316
50.030	33317
50.040	33318
50.050	33315
50.060	33321
50.070	33318
50.080	33317
50.090	33318
50.100	33315
50.110	33315
50.120	33317
50.130	33319
50.140	33316
50.150	33315
50.160	33311
50.170	33321
50.180	33315
50.190	33318
50.200	33315
50.210	33317
50.220	33316
50.230	33317
50.240	33320
50.250	33312
50.260	33317
50.270	33318
50.280	33315
50.290	33319
50.300	33314
50.310	33314
50.320	33315
50.330	33316
50.340	33315
50.350	33316
50.360	33316
50.370	33314
50.380	33314
50.390	33315
50.400	33317
50.414	33314
50.420	33317
50.431	33316
50.440	33318
50.450	33316
50.460	33314
50.470	33316
50.480	33317
50.490	33317
50.500	33314
50.510	33316
50.520	33315
50.530	33319
50.540	33319
50.550	33316
50.560	33313
50.570	33316
50.580	33318
50.590	33314
50.600	33316
50.610	33315
50.620	33317
50.630	33314
50.640	33316
50.650	33316
50.660	33318
50.670	33317
50.680	33316
50.690	33318
50.700	33313
50.710	33318
50.720	33319
50.730	33317
50.740	33315
50.750	33316
50.760	33316
50.770	33316
50.780	33319
50.790	33317
50.800	33317
50.810	33320
50.820	33318
50.830	33320
50.840	33318
50.850	33316
50.860	33321
50.870	33317
50.880	33317
50.890	33314
50.900	33315
50.910	33314
50.920	33315
50.931	33319
50.940	33317
50.950	33318
50.960	33314
50.970	33313
50.980	33315
50.990	33320
51.000	33316
51.010	33317
51.020	33317
51.030	33317
51.040	33316
51.050	33318
51.060	33315
51.070	33316
51.080	33320
51.090	33318
51.100	33315
51.110	33315
51.120	33314
51.130	33316
51.140	33316
51.150	33315
51.160	33321
51.170	33317
51.180	33313
51.190	33316
51.200	33315
51.210	33318
51.220	33318
51.230	33320
51.240	33314
51.250	33318
51.260	33317
51.270	33322
51.280	33316
51.290	33316
51.300	33314
51.310	33318
51.320	33319
51.330	33315
51.340	33318
51.350	33316
51.360	33317
51.370	33317
51.380	33318
51.390	33316
51.400	33316
51.410	33314
51.420	33316
51.430	33315
51.440	33318
51.450	33318
51.460	33318
51.470	33316
51.480	33314
51.490	33317
51.500	33320
51.510	33315
51.520	33319
51.530	33315
51.541	33316
51.550	33317
51.560	33317
51.570	33315
51.580	33314
51.590	33316
51.600	33317
51.610	33322
51.620	33323
51.630	33317
51.640	33318
51.650	33320
51.660	33317
51.670	33316
51.680	33316
51.690	33318
51.700	33314
51.710	33314
51.720	33315
51.730	33317
51.740	33318
51.750	33317
51.760	33315
51.770	33313
51.780	33317
51.790	33318
51.800	33319
51.810	33320
51.820	33315
51.830	33320
51.840	33323
51.850	33322
51.860	33320
51.870	33317
51.880	33318
51.890	33314
51.900	33313
51.911	33315
51.920	33316
51.930	33316
51.940	33320
51.950	33320
51.960	33316
51.970	33317
51.981	33315
51.990	33315
52.000	33317
52.010	33317
52.020	33315
52.030	33321
52.040	33320
52.050	33317
52.060	33318
52.070	33321
52.080	33317
52.090	33316
52.100	33316
52.110	33318
52.120	33314
52.130	33316
52.140	33317
52.150	33318
52.160	33314
52.170	33312
52.180	33317
52.190	33315
52.200	33313
52.210	33316
52.220	33316
52.230	33314
52.240	33319
52.252	33318
52.260	33319
52.274	33318
52.280	33315
52.290	33317
52.300	33318
52.310	33317
52.320	33314
52.330	33317
52.340	33317
52.350	33319
52.360	33317
52.370	33319
52.380	33315
52.390	33314
52.400	33317
52.410	33315
52.420	33316
52.431	33318
52.440	33316
52.450	33316
52.460	33314
52.470	33314
52.480	33316
52.490	33318
52.500	33317
52.510	33317
52.520	33312
52.530	33318
52.540	33318
52.550	33318
52.560	33316
52.570	33316
52.580	33316
52.590	33316
52.600	33314
52.610	33316
52.620	33316
52.630	33317
52.640	33317
52.650	33319
52.660	33313
52.670	33314
52.680	33313
52.690	33316
52.700	33315
52.710	33317
52.720	33313
52.730	33315
52.740	33318
52.750	33315
52.760	33319
52.770	33316
52.780	33317
52.790	33316
52.800	33314
52.810	33320
52.820	33317
52.830	33317
52.840	33318
52.850	33316
52.860	33315
52.870	33318
52.880	33314
52.890	33319
52.900	33319
52.910	33314
52.920	33314
52.930	33317
52.940	33314
52.950	33314
52.960	33317
52.970	33319
52.981	33316
52.990	33314
53.000	33318
53.010	33316
53.020	33319
53.030	33316
53.040	33316
53.050	33314
53.060	33318
53.070	33318
53.080	33314
53.090	33316
53.100	33318
53.110	33315
53.120	33317
53.130	33318
53.140	33319
53.150	33312
53.160	33316
53.170	33314
53.180	33318
53.190	33314
53.200	33316
53.210	33317
53.220	33318
53.230	33316
53.240	33314
53.250	33319
53.260	33320
53.270	33318
53.280	33316
53.290	33317
53.301	33317
53.310	33313
53.320	33313
53.330	33314
53.340	33317
53.350	33316
53.360	33313
53.370	33320
53.380	33317
53.390	33319
53.400	33315
53.410	33312
53.420	33316
53.430	33315
53.440	33315
53.450	33319
53.460	33318
53.470	33318
53.480	33316
53.490	33316
53.500	33318
53.510	33319
53.520	33319
53.530	33320
53.540	33318
53.550	33315
53.560	33320
53.570	33318
53.580	33317
53.590	33314
53.600	33318
53.610	33319
53.620	33317
53.630	33318
53.640	33318
53.650	33316
53.660	33318
53.670	33317
53.680	33319
53.690	33316
53.700	33317
53.710	33316
53.720	33318
53.730	33315
53.740	33318
53.750	33320
53.760	33319
53.770	33315
53.780	33315
53.790	33318
53.800	33319
53.810	33318
53.820	33320
53.830	33320
53.840	33317
53.850	33319
53.860	33319
53.870	33315
53.880	33317
53.890	33315
53.900	33319
53.910	33317
53.920	33316
53.930	33318
53.940	33317
53.950	33316
53.960	33318
53.970	33318
53.980	33318
53.990	33319
54.000	33318
54.010	33316
54.021	33318
54.030	33322
54.040	33315
54.050	33316
54.060	33315
54.070	33317
54.080	33317
54.090	33313
54.100	33317
54.110	33319
54.120	33317
54.131	33315
54.140	33318
54.150	33318
54.160	33313
54.171	33315
54.182	33317
54.190	33318
54.200	33319
54.210	33319
54.220	33318
54.230	33316
54.240	33313
54.251	33314
54.260	33314
54.270	33317
54.281	33317
54.290	33316
54.303	33314
54.310	33315
54.320	33316
54.330	33319
54.340	33314
54.350	33317
54.360	33320
54.370	33316
54.380	33316
54.391	33316
54.400	33315
54.410	33316
54.420	33319
54.430	33316
54.440	33321
54.450	33318
54.460	33318
54.470	33316
54.480	33316
54.490	33316
54.500	33318
54.511	33317
54.520	33318
54.530	33317
54.540	33319
54.550	33319
54.560	33316
54.573	33315
54.580	33318
54.590	33318
54.600	33318
54.611	33315
54.620	33320
54.630	33312
54.640	33317
54.650	33319
54.660	33314
54.670	33315
54.680	33316
54.690	33317
54.700	33317
54.710	33316
54.720	33315
54.730	33314
54.740	33318
54.750	33318
54.760	33314
54.770	33316
54.780	33318
54.790	33314
54.800	33316
54.810	33317
54.820	33314
54.830	33317
54.840	33316
54.850	33315
54.860	33316
54.870	33316
54.880	33318
54.890	33316
54.900	33316
54.910	33319
54.920	33319
54.930	33318
54.940	33320
54.950	33315
54.960	33315
54.970	33315
54.980	33317
54.990	33315
55.000	33316
55.010	33318
55.030	33318
55.040	33317
55.050	33317
55.060	33318
55.070	33316
55.081	33317
55.090	33319
55.100	33318
55.110	33319
55.120	33317
55.130	33319
55.140	33315
55.151	33317
55.160	33317
55.170	33317
55.180	33314
55.190	33314
55.200	33317
55.210	33313
55.220	33313
55.230	33320
55.240	33316
55.250	33315
55.260	33316
55.270	33312
55.280	33315
55.290	33317
55.300	33316
55.310	33319
55.320	33319
55.330	33315
55.340	33315
55.350	33316
55.360	33319
55.370	33314
55.381	33315
55.390	33317
55.400	33317
55.410	33313
55.420	33312
55.430	33315
55.440	33319
55.450	33315
55.460	33313
55.470	33314
55.480	33314
55.490	33315
55.500	33314
55.510	33314
55.520	33315
55.530	33315
55.540	33318
55.550	33314
55.560	33314
55.570	33316
55.580	33318
55.590	33318
55.600	33315
55.610	33314
55.620	33314
55.630	33317
55.640	33314
55.650	33314
55.660	33317
55.670	33313
55.680	33316
55.690	33318
55.700	33317
55.710	33320
55.720	33318
55.730	33318
55.740	33314
55.752	33317
55.760	33314
55.770	33315
55.780	33317
55.790	33314
55.800	33314
55.810	33315
55.820	33315
55.830	33318
55.840	33314
55.850	33316
55.860	33320
55.870	33313
55.880	33314
55.890	33315
55.900	33315
55.910	33317
55.920	33315
55.930	33316
55.940	33316
55.950	33315
55.960	33314
55.970	33315
55.980	33317
55.990	33316
56.000	33317
56.010	33317
56.020	33317
56.030	33313
56.040	33317
56.050	33319
56.060	33316
56.070	33314
56.081	33313
56.092	33319
56.103	33320
56.110	33313
56.120	33317
56.130	33315
56.140	33319
56.150	33314
56.160	33316
56.170	33314
56.180	33316
56.190	33321
56.200	33314
56.210	33314
56.220	33319
56.231	33312
56.240	33317
56.250	33318
56.272	33318
56.280	33318
56.309	33310
56.316	33316
56.320	33314
56.331	33318
56.340	33318
56.350	33315
56.360	33317
56.370	33319
56.380	33318
56.390	33315
56.400	33315
56.410	33314
56.420	33316
56.430	33316
56.440	33315
56.450	33318
56.460	33315
56.470	33318
56.480	33317
56.490	33318
56.500	33319
56.510	33315
56.520	33314
56.530	33318
56.540	33316
56.550	33316
56.560	33316
56.570	33317
56.580	33315
56.590	33313
56.600	33316
56.610	33318
56.620	33316
56.630	33314
56.640	33317
56.650	33315
56.660	33315
56.670	33316
56.680	33318
56.690	33318
56.700	33315
56.710	33318
56.720	33312
56.730	33314
56.740	33318
56.750	33315
56.760	33316
56.770	33321
56.780	33316
56.790	33316
56.800	33317
56.810	33316
56.820	33316
56.830	33313
56.840	33315
56.850	33318
56.860	33312
56.870	33316
56.880	33313
56.890	33316
56.900	33316
56.910	33316
56.920	33316
56.930	33315
56.940	33317
56.950	33319
56.960	33317
56.970	33317
56.980	33316
56.990	33319
57.000	33315
57.010	33316
57.020	33316
57.030	33312
57.040	33314
57.050	33315
57.060	33314
57.070	33316
57.080	33317
57.090	33317
57.100	33320
57.110	33317
57.120	33315
57.130	33318
57.140	33318
57.150	33315
57.160	33319
57.170	33318
57.180	33315
57.190	33315
57.200	33318
57.210	33316
57.220	33315
57.230	33317
57.240	33314
57.250	33316
57.260	33317
57.270	33315
57.280	33315
57.290	33312
57.300	33312
57.310	33314
57.320	33320
57.330	33315
57.340	33314
57.350	33317
57.360	33318
57.370	33313
57.380	33314
57.390	33317
57.400	33316
