# Oscilloscope Data

# Seconds	force_sensor_L.force_kg
0.000	61.087
0.009	61.087
0.019	61.087
0.029	61.087
0.039	61.087
0.049	61.087
0.059	61.087
0.069	61.087
0.079	61.087
0.089	61.087
0.099	61.087
0.109	61.087
0.119	61.087
0.129	61.087
0.139	61.087
0.149	61.087
0.159	61.087
0.169	61.087
0.179	61.087
0.189	61.087
0.199	61.087
0.209	61.087
0.219	61.087
0.229	61.087
0.239	61.087
0.249	61.087
0.259	61.087
0.269	61.087
0.279	61.087
0.289	61.087
0.299	61.087
0.309	61.087
0.319	61.087
0.329	61.087
0.339	61.087
0.349	61.087
0.359	61.087
0.369	61.087
0.379	61.087
0.389	61.087
0.399	61.087
0.409	61.087
0.419	61.087
0.429	61.087
0.439	61.087
0.449	61.087
0.459	61.087
0.469	61.087
0.479	61.087
0.489	61.087
0.499	61.087
0.509	61.087
0.519	61.087
0.529	61.087
0.539	61.087
0.549	61.087
0.559	61.087
0.569	61.087
0.579	61.087
0.589	61.087
0.599	61.087
0.609	61.087
0.619	61.087
0.629	61.087
0.639	61.087
0.649	61.087
0.659	61.087
0.669	61.087
0.679	61.087
0.689	61.087
0.699	61.087
0.709	61.087
0.719	61.087
0.729	61.087
0.739	61.087
0.749	61.087
0.759	61.087
0.769	61.087
0.779	61.087
0.789	61.087
0.799	61.087
0.809	61.087
0.819	61.087
0.829	61.087
0.839	61.087
0.849	61.087
0.859	61.087
0.869	61.087
0.879	61.087
0.889	61.087
0.899	61.087
0.909	61.087
0.919	61.087
0.929	61.087
0.939	61.087
0.949	61.087
0.959	61.087
0.969	61.087
0.979	61.087
0.989	61.087
0.999	61.087
1.009	61.087
1.019	61.087
1.029	61.087
1.039	61.087
1.049	61.087
1.059	61.087
1.069	61.087
1.079	61.087
1.089	61.087
1.102	61.087
1.109	61.087
1.119	61.087
1.129	61.087
1.139	61.087
1.149	61.087
1.159	61.087
1.169	61.087
1.179	61.087
1.189	61.087
1.199	61.087
1.209	61.087
1.219	61.087
1.229	61.087
1.239	61.087
1.249	61.087
1.259	61.087
1.269	61.087
1.279	61.087
1.289	61.087
1.299	61.087
1.309	61.087
1.319	61.087
1.329	61.087
1.339	61.087
1.349	61.087
1.359	61.087
1.369	61.087
1.379	61.087
1.389	61.087
1.399	61.087
1.409	61.087
1.419	61.087
1.429	61.087
1.439	61.087
1.449	61.087
1.459	61.087
1.469	61.087
1.479	61.087
1.489	61.087
1.499	61.087
1.509	61.087
1.519	61.087
1.529	61.087
1.539	61.087
1.549	61.087
1.559	61.087
1.569	61.087
1.579	61.087
1.589	61.087
1.599	61.087
1.609	61.087
1.619	61.087
1.629	61.087
1.639	61.087
1.649	61.087
1.659	61.087
1.669	61.087
1.679	61.087
1.689	61.087
1.699	61.087
1.709	61.087
1.719	61.087
1.729	61.087
1.739	61.087
1.752	61.087
1.759	61.087
1.769	61.087
1.779	61.087
1.789	61.087
1.799	61.087
1.809	61.087
1.819	61.087
1.829	61.087
1.839	61.087
1.849	61.087
1.859	61.087
1.869	61.087
1.879	61.087
1.889	61.087
1.899	61.087
1.909	61.087
1.919	61.087
1.929	61.087
1.939	61.087
1.949	61.087
1.959	61.087
1.969	61.087
1.979	61.087
1.989	61.087
1.999	61.087
2.009	61.087
2.019	61.087
2.029	61.087
2.039	61.087
2.049	61.087
2.059	61.087
2.069	61.087
2.079	61.087
2.089	61.087
2.099	61.087
2.109	61.087
2.119	61.087
2.129	61.087
2.139	61.087
2.149	61.087
2.159	61.087
2.169	61.087
2.179	61.087
2.189	61.087
2.199	61.087
2.209	61.087
2.219	61.087
2.229	61.087
2.239	61.087
2.249	61.087
2.259	61.087
2.269	61.087
2.279	61.087
2.289	61.087
2.299	61.087
2.309	61.087
2.319	61.087
2.329	61.087
2.339	61.087
2.349	61.087
2.359	61.087
2.369	61.087
2.379	61.087
2.389	61.087
2.399	61.087
2.409	61.087
2.419	61.087
2.429	61.087
2.439	61.087
2.449	61.087
2.459	61.087
2.469	61.087
2.479	61.087
2.489	61.087
2.499	61.087
2.509	61.087
2.519	61.087
2.529	61.087
2.539	61.087
2.549	61.087
2.559	61.087
2.569	61.087
2.579	61.087
2.589	61.087
2.599	61.087
2.609	61.087
2.619	61.087
2.629	61.087
2.639	61.087
2.649	61.087
2.659	61.087
2.669	61.087
2.679	61.087
2.689	61.087
2.699	61.087
2.709	61.087
2.719	61.087
2.729	61.087
2.739	61.087
2.749	61.087
2.759	61.087
2.769	61.087
2.779	61.087
2.789	61.087
2.799	61.087
2.809	61.087
2.819	61.087
2.829	61.087
2.839	61.087
2.849	61.087
2.859	61.087
2.869	61.087
2.879	61.087
2.889	61.087
2.899	61.087
2.909	61.087
2.919	61.087
2.929	61.087
2.939	61.087
2.949	61.087
2.959	61.087
2.969	61.087
2.979	61.087
2.989	61.087
2.999	61.087
3.009	61.087
3.019	61.087
3.029	61.087
3.039	61.087
3.049	61.087
3.059	61.087
3.069	61.087
3.079	61.087
3.089	61.087
3.099	61.087
3.109	61.087
3.119	61.087
3.129	61.087
3.139	61.087
3.149	61.087
3.159	61.087
3.169	61.087
3.179	61.087
3.189	61.087
3.199	61.087
3.209	61.087
3.219	61.087
3.229	61.087
3.239	61.087
3.249	61.087
3.259	61.087
3.269	61.087
3.279	61.087
3.289	61.087
3.299	61.087
3.309	61.087
3.319	61.087
3.329	61.087
3.339	61.087
3.349	61.087
3.359	61.087
3.369	61.087
3.379	61.087
3.389	61.087
3.399	61.087
3.409	61.087
3.419	61.087
3.429	61.087
3.439	61.087
3.449	61.087
3.459	61.087
3.469	61.087
3.479	61.087
3.489	61.087
3.499	61.087
3.509	61.087
3.519	61.087
3.529	61.087
3.539	61.087
3.549	61.087
3.559	61.087
3.569	61.087
3.579	61.087
3.589	61.087
3.599	61.087
3.609	61.087
3.619	61.087
3.629	61.087
3.639	61.087
3.649	61.087
3.659	61.087
3.669	61.087
3.679	61.087
3.689	61.087
3.699	61.087
3.709	61.087
3.719	61.087
3.729	61.087
3.739	61.087
3.749	61.087
3.759	61.087
3.769	61.087
3.779	61.087
3.789	61.087
3.799	61.087
3.809	61.087
3.819	61.087
3.829	61.087
3.839	61.087
3.849	61.087
3.859	61.087
3.869	61.087
3.879	61.087
3.889	61.087
3.899	61.087
3.909	61.087
3.919	61.087
3.929	61.087
3.939	61.087
3.949	61.087
3.959	61.087
3.969	61.087
3.979	61.087
3.989	61.087
3.999	61.087
4.009	61.087
4.019	61.087
4.029	61.087
4.039	61.087
4.049	61.087
4.059	61.087
4.069	61.087
4.079	61.087
4.089	61.087
4.099	61.087
4.109	61.087
4.119	61.087
4.129	61.087
4.139	61.087
4.149	61.087
4.159	61.087
4.169	61.087
4.179	61.087
4.189	61.087
4.199	61.087
4.209	61.087
4.219	61.087
4.229	61.087
4.239	61.087
4.249	61.087
4.259	61.087
4.269	61.087
4.279	61.087
4.289	61.087
4.299	61.087
4.309	61.087
4.319	61.087
4.329	61.087
4.339	61.087
4.349	61.087
4.359	61.087
4.369	61.087
4.379	61.087
4.389	61.087
4.399	61.087
4.409	61.087
4.419	61.087
4.429	61.087
4.439	61.087
4.449	61.087
4.459	61.087
4.469	61.087
4.479	61.087
4.489	61.087
4.499	61.087
4.509	61.087
4.519	61.087
4.529	61.087
4.539	61.087
4.549	61.087
4.559	61.087
4.569	61.087
4.579	61.087
4.589	61.087
4.599	61.087
4.609	61.087
4.619	61.087
4.629	61.087
4.639	61.087
4.649	61.087
4.659	61.087
4.669	61.087
4.679	61.087
4.689	61.087
4.699	61.087
4.709	61.087
4.719	61.087
4.729	61.087
4.739	61.087
4.749	61.087
4.759	61.087
4.769	61.087
4.779	61.087
4.789	61.087
4.799	61.087
4.812	61.087
4.819	61.087
4.829	61.087
4.839	61.087
4.849	61.087
4.859	61.087
4.869	61.087
4.879	61.087
4.889	61.087
4.899	61.087
4.909	61.087
4.919	61.087
4.929	61.087
4.939	61.087
4.949	61.087
4.959	61.087
4.969	61.087
4.979	61.087
4.989	61.087
4.999	61.087
5.009	61.087
5.019	61.087
5.029	61.087
5.039	61.087
5.049	61.087
5.059	61.087
5.069	61.087
5.079	61.087
5.089	61.087
5.099	61.087
5.109	61.087
5.119	61.087
5.129	61.087
5.139	61.087
5.149	61.087
5.159	61.087
5.169	61.087
5.179	61.087
5.189	61.087
5.199	61.087
5.209	61.087
5.219	61.087
5.229	61.087
5.239	61.087
5.249	61.087
5.259	61.087
5.269	61.087
5.279	61.087
5.289	61.087
5.299	61.087
5.309	61.087
5.319	61.087
5.329	61.087
5.339	61.087
5.349	61.087
5.359	61.087
5.369	61.087
5.379	61.087
5.389	61.087
5.399	61.087
5.409	61.087
5.419	61.087
5.429	61.087
5.439	61.087
5.449	61.087
5.459	61.087
5.469	61.087
5.479	61.087
5.489	61.087
5.499	61.087
5.509	61.087
5.519	61.087
5.529	61.087
5.539	61.087
5.549	61.087
5.559	61.087
5.569	61.087
5.579	61.087
5.589	61.087
5.599	61.087
5.609	61.087
5.619	61.087
5.629	61.087
5.639	61.087
5.649	61.087
5.659	61.087
5.669	61.087
5.679	61.087
5.689	61.087
5.699	61.087
5.709	61.087
5.719	61.087
5.729	61.087
5.739	61.087
5.749	61.087
5.759	61.087
5.769	61.087
5.779	61.087
5.789	61.087
5.799	61.087
5.809	61.087
5.819	61.087
5.829	61.087
5.839	61.087
5.849	61.087
5.859	61.087
5.869	61.087
5.879	61.087
5.889	61.087
5.899	61.087
5.909	61.087
5.919	61.087
5.929	61.087
5.939	61.087
5.949	61.087
5.959	61.087
5.969	61.087
5.979	61.087
5.989	61.087
5.999	61.087
6.009	61.087
6.019	61.087
6.029	61.087
6.039	61.087
6.049	61.087
6.059	61.087
6.069	61.087
6.079	61.087
6.089	61.087
6.099	61.087
6.109	61.087
6.119	61.087
6.129	61.087
6.139	61.087
6.149	61.087
6.159	61.087
6.169	61.087
6.179	61.087
6.189	61.087
6.199	61.087
6.209	61.087
6.219	61.087
6.229	61.087
6.239	61.087
6.249	61.087
6.259	61.087
6.269	61.087
6.279	61.087
6.289	61.087
6.299	61.087
6.309	61.087
6.319	61.087
6.329	61.087
6.339	61.087
6.349	61.087
6.359	61.087
6.369	61.087
6.379	61.087
6.389	61.087
6.399	61.087
6.409	61.087
6.419	61.087
6.429	61.087
6.439	61.087
6.449	61.087
6.459	61.087
6.469	61.087
6.479	61.087
6.489	61.087
6.499	61.087
6.509	61.087
6.519	61.087
6.529	61.087
6.539	61.087
6.549	61.087
6.559	61.087
6.569	61.087
6.579	61.087
6.589	61.087
6.599	61.087
6.609	61.087
6.619	61.087
6.629	61.087
6.639	61.087
6.649	61.087
6.659	61.087
6.669	61.087
6.679	61.087
6.689	61.087
6.699	61.087
6.709	61.087
6.719	61.087
6.729	61.087
6.739	61.087
6.749	61.087
6.759	61.087
6.769	61.087
6.779	61.087
6.789	61.087
6.799	61.087
6.809	61.087
6.819	61.087
6.829	61.087
6.839	61.087
6.849	61.087
6.859	61.087
6.869	61.087
6.879	61.087
6.889	61.087
6.899	61.087
6.909	61.087
6.919	61.087
6.929	61.087
6.939	61.087
6.949	61.087
6.959	61.087
6.969	61.087
6.979	61.087
6.989	61.087
6.999	61.087
7.009	61.087
7.019	61.087
7.029	61.087
7.039	61.087
7.049	61.087
7.059	61.087
7.069	61.087
7.079	61.087
7.089	61.087
7.099	61.087
7.109	61.087
7.119	61.087
7.129	61.087
7.139	61.087
7.149	61.087
7.159	61.087
7.169	61.087
7.179	61.087
7.189	61.087
7.199	61.087
7.209	61.087
7.219	61.087
7.229	61.087
7.239	61.087
7.249	61.087
7.259	61.087
7.269	61.087
7.279	61.087
7.289	61.087
7.299	61.087
7.309	61.087
7.319	61.087
7.329	61.087
7.339	61.087
7.349	61.087
7.359	61.087
7.369	61.087
7.379	61.087
7.389	61.087
7.399	61.087
7.409	61.087
7.419	61.087
7.429	61.087
7.439	61.087
7.449	61.087
7.459	61.087
7.469	61.087
7.479	61.087
7.489	61.087
7.499	61.087
7.509	61.087
7.519	61.087
7.529	61.087
7.539	61.087
7.549	61.087
7.559	61.087
7.569	61.087
7.579	61.087
7.589	61.087
7.599	61.087
7.609	61.087
7.619	61.087
7.629	61.087
7.639	61.087
7.649	61.087
7.659	61.087
7.669	61.087
7.679	61.087
7.689	61.087
7.699	61.087
7.709	61.087
7.719	61.087
7.729	61.087
7.739	61.087
7.749	61.087
7.759	61.087
7.769	61.087
7.779	61.087
7.789	61.087
7.799	61.087
7.809	61.087
7.819	61.087
7.829	61.087
7.839	61.087
7.849	61.087
7.859	61.087
7.869	61.087
7.879	61.087
7.889	61.087
7.899	61.087
7.909	61.087
7.919	61.087
7.929	61.087
7.939	61.087
7.949	61.087
7.959	61.087
7.969	61.087
7.979	61.087
7.989	61.087
7.999	61.087
8.009	61.087
8.019	61.087
8.029	61.087
8.039	61.087
8.049	61.087
8.059	61.087
8.069	61.087
8.079	61.087
8.089	61.087
8.099	61.087
8.109	61.087
8.119	61.087
8.129	61.087
8.139	61.087
8.149	61.087
8.159	61.087
8.169	61.087
8.179	61.087
8.189	61.087
8.199	61.087
8.209	61.087
8.219	61.087
8.229	61.087
8.239	61.087
8.249	61.087
8.259	61.087
8.269	61.087
8.279	61.087
8.289	61.087
8.299	61.087
8.309	61.087
8.319	61.087
8.329	61.087
8.339	61.087
8.349	61.087
8.359	61.087
8.369	61.087
8.379	61.087
8.389	61.087
8.399	61.087
8.409	61.087
8.419	61.087
8.429	61.087
8.439	61.087
8.449	61.087
8.459	61.087
8.469	61.087
8.479	61.087
8.489	61.087
8.499	61.087
8.509	61.087
8.519	61.087
8.529	61.087
8.539	61.087
8.549	61.087
8.559	61.087
8.569	61.087
8.579	61.087
8.589	61.087
8.599	61.087
8.609	61.087
8.619	61.087
8.629	61.087
8.639	61.087
8.649	61.087
8.659	61.087
8.669	61.087
8.679	61.087
8.689	61.087
8.699	61.087
8.709	61.087
8.719	61.087
8.729	61.087
8.739	61.087
8.749	61.087
8.759	61.087
8.769	61.087
8.779	61.087
8.789	61.087
8.799	61.087
8.809	61.087
8.819	61.087
8.829	61.087
8.839	61.087
8.849	61.087
8.859	61.087
8.869	61.087
8.879	61.087
8.889	61.087
8.899	61.087
8.909	61.087
8.919	61.087
8.929	61.087
8.939	61.087
8.949	61.087
8.959	61.087
8.969	61.087
8.979	61.087
8.989	61.087
8.999	61.087
9.009	61.087
9.019	61.087
9.029	61.087
9.039	61.087
9.049	61.087
9.059	61.087
9.069	61.087
9.079	61.087
9.089	61.087
9.099	61.087
9.109	61.087
9.119	61.087
9.129	61.087
9.139	61.087
9.149	61.087
9.159	61.087
9.169	61.087
9.179	61.087
9.189	61.087
9.199	61.087
9.209	61.087
9.219	61.087
9.229	61.087
9.239	61.087
9.249	61.087
9.259	61.087
9.269	61.087
9.279	61.087
9.289	61.087
9.299	61.087
9.309	61.087
9.319	61.087
9.329	61.087
9.339	61.087
9.349	61.087
9.359	61.087
9.369	61.087
9.379	61.087
9.389	61.087
9.399	61.087
9.409	61.087
9.419	61.087
9.429	61.087
9.439	61.087
9.449	61.087
9.459	61.087
9.469	61.087
9.479	61.087
9.489	61.087
9.499	61.087
9.509	61.087
9.519	61.087
9.529	61.087
9.539	61.087
9.549	61.087
9.559	61.087
9.569	61.087
9.579	61.087
9.589	61.087
9.599	61.087
9.609	61.087
9.619	61.087
9.629	61.087
9.639	61.087
9.649	61.087
9.659	61.087
9.669	61.087
9.679	61.087
9.689	61.087
9.699	61.087
9.709	61.087
9.719	61.087
9.729	61.087
9.739	61.087
9.749	61.087
9.759	61.087
9.769	61.087
9.779	61.087
9.789	61.087
9.799	61.087
9.809	61.087
9.819	61.087
9.829	61.087
9.839	61.087
9.849	61.087
9.859	61.087
9.869	61.087
9.879	61.087
9.889	61.087
9.899	61.087
9.909	61.087
9.919	61.087
9.929	61.087
9.939	61.087
9.949	61.087
9.959	61.087
9.969	61.087
9.979	61.087
9.989	61.087
9.999	61.087
10.009	61.087
10.019	61.087
10.029	61.087
10.039	61.087
10.049	61.087
10.059	61.087
10.069	61.087
10.079	61.087
10.089	61.087
10.099	61.087
10.109	61.087
10.119	61.087
10.129	61.087
10.139	61.087
10.149	61.087
10.159	61.087
10.169	61.087
10.179	61.087
10.189	61.087
10.199	61.087
10.209	61.087
10.219	61.087
10.229	61.087
10.239	61.087
10.249	61.087
10.259	61.087
10.269	61.087
10.279	61.087
10.289	61.087
10.299	61.087
10.309	61.087
10.319	61.087
10.329	61.087
10.339	61.087
10.349	61.087
10.359	61.087
10.369	61.087
10.379	61.087
10.389	61.087
10.399	61.087
10.409	61.087
10.419	61.087
10.429	61.087
10.439	61.087
10.449	61.087
10.459	61.087
10.469	61.087
10.479	61.087
10.489	61.087
10.499	61.087
10.509	61.087
10.519	61.087
10.529	61.087
10.539	61.087
10.549	61.087
10.559	61.087
10.569	61.087
10.579	61.087
10.589	61.087
10.599	61.087
10.609	61.087
10.619	61.087
10.629	61.087
10.639	61.087
10.649	61.087
10.659	61.087
10.669	61.087
10.679	61.087
10.689	61.087
10.699	61.087
10.709	61.087
10.719	61.087
10.729	61.087
10.739	61.087
10.749	61.087
10.759	61.087
10.769	61.087
10.779	61.087
10.789	61.087
10.799	61.087
10.809	61.087
10.819	61.087
10.829	61.087
10.839	61.087
10.849	61.087
10.859	61.087
10.869	61.087
10.879	61.087
10.889	61.087
10.899	61.087
10.909	61.087
10.919	61.087
10.929	61.087
10.939	61.087
10.949	61.087
10.959	61.087
10.969	61.087
10.979	61.087
10.989	61.087
10.999	61.087
11.009	61.087
11.019	61.087
11.029	61.087
11.039	61.087
11.049	61.087
11.059	61.087
11.069	61.087
11.079	61.087
11.089	61.087
11.099	61.087
11.109	61.087
11.119	61.087
11.129	61.087
11.139	61.087
11.149	61.087
11.159	61.087
11.169	61.087
11.179	61.087
11.189	61.087
11.199	61.087
11.209	61.087
11.219	61.087
11.229	61.087
11.239	61.087
11.249	61.087
11.259	61.087
11.269	61.087
11.279	61.087
11.289	61.087
11.299	61.087
11.309	61.087
11.319	61.087
11.329	61.087
11.339	61.087
11.349	61.087
11.359	61.087
11.369	61.087
11.379	61.087
11.389	61.087
11.399	61.087
11.409	61.087
11.419	61.087
11.429	61.087
11.439	61.087
11.449	61.087
11.459	61.087
11.469	61.087
11.479	61.087
11.489	61.087
11.499	61.087
11.509	61.087
11.519	61.087
11.529	61.087
11.539	61.087
11.549	61.087
11.559	61.087
11.569	61.087
11.579	61.087
11.589	61.087
11.599	61.087
11.609	61.087
11.619	61.087
11.629	61.087
11.639	61.087
11.649	61.087
11.659	61.087
11.669	61.087
11.679	61.087
11.689	61.087
11.699	61.087
11.709	61.087
11.719	61.087
11.729	61.087
11.739	61.087
11.749	61.087
11.759	61.087
11.769	61.087
11.779	61.087
11.789	61.087
11.799	61.087
11.809	61.087
11.819	61.087
11.829	61.087
11.839	61.087
11.849	61.087
11.859	61.087
11.869	61.087
11.879	61.087
11.889	61.087
11.899	61.087
11.909	61.087
11.919	61.087
11.929	61.087
11.939	61.087
11.949	61.087
11.959	61.087
11.969	61.087
11.979	61.087
11.989	61.087
11.999	61.087
12.009	61.087
12.019	61.087
12.029	61.087
12.039	61.087
12.049	61.087
12.059	61.087
12.069	61.087
12.079	61.087
12.089	61.087
12.099	61.087
12.109	61.087
12.119	61.087
12.129	61.087
12.139	61.087
12.149	61.087
12.159	61.087
12.169	61.087
12.179	61.087
12.189	61.087
12.199	61.087
12.209	61.087
12.219	61.087
12.229	61.087
12.239	61.087
12.249	61.087
12.259	61.087
12.269	61.087
12.279	61.087
12.289	61.087
12.299	61.087
12.309	61.087
12.319	61.087
12.329	61.087
12.339	61.087
12.349	61.087
12.359	61.087
12.369	61.087
12.379	61.087
12.389	61.087
12.399	61.087
12.409	61.087
12.419	61.087
12.429	61.087
12.439	61.087
12.449	61.087
12.459	61.087
12.469	61.087
12.479	61.087
12.489	61.087
12.499	61.087
12.509	61.087
12.519	61.087
12.529	61.087
12.539	61.087
12.549	61.087
12.559	61.087
12.569	61.087
12.579	61.087
12.589	61.087
12.599	61.087
12.609	61.087
12.619	61.087
12.629	61.087
12.639	61.087
12.649	61.087
12.659	61.087
12.669	61.087
12.679	61.087
12.689	61.087
12.699	61.087
12.709	61.087
12.719	61.087
12.729	61.087
12.739	61.087
12.749	61.087
12.759	61.087
12.769	61.087
12.779	61.087
12.789	61.087
12.799	61.087
12.809	61.087
12.819	61.087
12.829	61.087
12.839	61.087
12.849	61.087
12.859	61.087
12.869	61.087
12.879	61.087
12.889	61.087
12.899	61.087
12.909	61.087
12.919	61.087
12.929	61.087
12.939	61.087
12.949	61.087
12.959	61.087
12.969	61.087
12.979	61.087
12.989	61.087
12.999	61.087
13.009	61.087
13.019	61.087
13.029	61.087
13.039	61.087
13.049	61.087
13.059	61.087
13.069	61.087
13.079	61.087
13.089	61.087
13.099	61.087
13.109	61.087
13.119	61.087
13.129	61.087
13.139	61.087
13.149	61.087
13.159	61.087
13.169	61.087
13.179	61.087
13.189	61.087
13.199	61.087
13.209	61.087
13.219	61.087
13.229	61.087
13.239	61.087
13.249	61.087
13.259	61.087
13.269	61.087
13.279	61.087
13.289	61.087
13.299	61.087
13.309	61.087
13.319	61.087
13.329	61.087
13.339	61.087
13.349	61.087
13.359	61.087
13.369	61.087
13.379	61.087
13.389	61.087
13.399	61.087
13.409	61.087
13.419	61.087
13.429	61.087
13.439	61.087
13.449	61.087
13.459	61.087
13.469	61.087
13.479	61.087
13.489	61.087
13.499	61.087
13.509	61.087
13.519	61.087
13.529	61.087
13.539	61.087
13.549	61.087
13.559	61.087
13.569	61.087
13.579	61.087
13.589	61.087
13.599	61.087
13.609	61.087
13.619	61.087
13.629	61.087
13.639	61.087
13.649	61.087
13.659	61.087
13.669	61.087
13.679	61.087
13.689	61.087
13.699	61.087
13.709	61.087
13.719	61.087
13.729	61.087
13.739	61.087
13.749	61.087
13.759	61.087
13.769	61.087
13.779	61.087
13.789	61.087
13.799	61.087
13.809	61.087
13.819	61.087
13.829	61.087
13.839	61.087
13.849	61.087
13.859	61.087
13.869	61.087
13.879	61.087
13.889	61.087
13.899	61.087
13.909	61.087
13.919	61.087
13.929	61.087
13.939	61.087
13.949	61.087
13.959	61.087
13.969	61.087
13.979	61.087
13.989	61.087
13.999	61.087
14.009	61.087
14.019	61.087
14.029	61.087
14.039	61.087
14.049	61.087
14.059	61.087
14.069	61.087
14.079	61.087
14.089	61.087
14.099	61.087
14.109	61.087
14.119	61.087
14.129	61.087
14.139	61.087
14.149	61.087
14.159	61.087
14.169	61.087
14.179	61.087
14.189	61.087
14.199	61.087
14.209	61.087
14.219	61.087
14.229	61.087
14.239	61.087
14.249	61.087
14.259	61.087
14.269	61.087
14.279	61.087
14.289	61.087
14.299	61.087
14.309	61.087
14.319	61.087
14.329	61.087
14.339	61.087
14.349	61.087
14.359	61.087
14.369	61.087
14.379	61.087
14.389	61.087
14.399	61.087
14.409	61.087
14.419	61.087
14.429	61.087
14.439	61.087
14.449	61.087
14.459	61.087
14.469	61.087
14.479	61.087
14.489	61.087
14.499	61.087
14.509	61.087
14.519	61.087
14.529	61.087
14.539	61.087
14.549	61.087
14.559	61.087
14.569	61.087
14.579	61.087
14.589	61.087
14.599	61.087
14.609	61.087
14.619	61.087
14.629	61.087
14.639	61.087
14.649	61.087
14.659	61.087
14.669	61.087
14.679	61.087
14.689	61.087
14.699	61.087
14.709	61.087
14.719	61.087
14.729	61.087
14.739	61.087
14.749	61.087
14.759	61.087
14.769	61.087
14.779	61.087
14.789	61.087
14.799	61.087
14.809	61.087
14.819	61.087
14.829	61.087
14.839	61.087
14.849	61.087
14.859	61.087
14.869	61.087
14.879	61.087
14.889	61.087
14.899	61.087
14.909	61.087
14.919	61.087
14.929	61.087
14.939	61.087
14.949	61.087
14.959	61.087
14.969	61.087
14.979	61.087
14.989	61.087
14.999	61.087
15.009	61.087
15.019	61.087
15.029	61.087
15.039	61.087
15.049	61.087
15.059	61.087
15.069	61.087
15.079	61.087
15.089	61.087
15.099	61.087
15.109	61.087
15.119	61.087
15.129	61.087
15.139	61.087
15.149	61.087
15.159	61.087
15.169	61.087
15.179	61.087
15.189	61.087
15.199	61.087
15.209	61.087
15.219	61.087
15.229	61.087
15.239	61.087
15.249	61.087
15.259	61.087
15.269	61.087
15.279	61.087
15.289	61.087
15.299	61.087
15.309	61.087
15.319	61.087
15.329	61.087
15.339	61.087
15.349	61.087
15.359	61.087
15.369	61.087
15.379	61.087
15.389	61.087
15.399	61.087
15.409	61.087
15.419	61.087
15.429	61.087
15.439	61.087
15.449	61.087
15.459	61.087
15.469	61.087
15.479	61.087
15.489	61.087
15.499	61.087
15.509	61.087
15.519	61.087
15.529	61.087
15.539	61.087
15.549	61.087
15.559	61.087
15.569	61.087
15.579	61.087
15.589	61.087
15.599	61.087
15.609	61.087
15.619	61.087
15.629	61.087
15.639	61.087
15.649	61.087
15.659	61.087
15.669	61.087
15.679	61.087
15.689	61.087
15.699	61.087
15.709	61.087
15.719	61.087
15.729	61.087
15.739	61.087
15.749	61.087
15.759	61.087
15.769	61.087
15.779	61.087
15.789	61.087
15.799	61.087
15.809	61.087
15.819	61.087
15.829	61.087
15.839	61.087
15.849	61.087
15.859	61.087
15.869	61.087
15.879	61.087
15.889	61.087
15.899	61.087
15.909	61.087
15.919	61.087
15.929	61.087
15.939	61.087
15.949	61.087
15.959	61.087
15.969	61.087
15.979	61.087
15.989	61.087
15.999	61.087
16.009	61.087
16.019	61.087
16.029	61.087
16.039	61.087
16.049	61.087
16.059	61.087
16.069	61.087
16.079	61.087
16.089	61.087
16.099	61.087
16.109	61.087
16.119	61.087
16.129	61.087
16.139	61.087
16.149	61.087
16.159	61.087
16.169	61.087
16.179	61.087
16.189	61.087
16.199	61.087
16.209	61.087
16.219	61.087
16.229	61.087
16.239	61.087
16.249	61.087
16.259	61.087
16.269	61.087
16.279	61.087
16.289	61.087
16.299	61.087
16.309	61.087
16.319	61.087
16.329	61.087
16.339	61.087
16.349	61.087
16.359	61.087
16.369	61.087
16.379	61.087
16.389	61.087
16.399	61.087
16.409	61.087
16.419	61.087
16.429	61.087
16.439	61.087
16.449	61.087
16.459	61.087
16.469	61.087
16.479	61.087
16.489	61.087
16.499	61.087
16.509	61.087
16.519	61.087
16.529	61.087
16.539	61.087
16.549	61.087
16.559	61.087
16.569	61.087
16.579	61.087
16.589	61.087
16.599	61.087
16.609	61.087
16.619	61.087
16.629	61.087
16.639	61.087
16.649	61.087
16.659	61.087
16.669	61.087
16.679	61.087
16.690	61.087
16.699	61.087
16.709	61.087
16.719	61.087
16.729	61.087
16.739	61.087
16.749	61.087
16.759	61.087
16.769	61.087
16.779	61.087
16.789	61.087
16.799	61.087
16.809	61.087
16.819	61.087
16.829	61.087
16.839	61.087
16.849	61.087
16.859	61.087
16.869	61.087
16.879	61.087
16.889	61.087
16.899	61.087
16.909	61.087
16.919	61.087
16.929	61.087
16.939	61.087
16.949	61.087
16.959	61.087
16.969	61.087
16.979	61.087
16.989	61.087
16.999	61.087
17.009	61.087
17.019	61.087
17.029	61.087
17.039	61.087
17.049	61.087
17.059	61.087
17.069	61.087
17.079	61.087
17.089	61.087
17.099	61.087
17.109	61.087
17.119	61.087
17.129	61.087
17.139	61.087
17.149	61.087
17.159	61.087
17.169	61.087
17.179	61.087
17.189	61.087
17.199	61.087
17.209	61.087
17.219	61.087
17.229	61.087
17.239	61.087
17.249	61.087
17.259	61.087
17.269	61.087
17.279	61.087
17.289	61.087
17.299	61.087
17.309	61.087
17.319	61.087
17.329	61.087
17.339	61.087
17.349	61.087
17.359	61.087
17.369	61.087
17.379	61.087
17.389	61.087
17.399	61.087
17.409	61.087
17.419	61.087
17.429	61.087
17.439	61.087
17.449	61.087
17.459	61.087
17.469	61.087
17.479	61.087
17.489	61.087
17.499	61.087
17.509	61.087
17.519	61.087
17.529	61.087
17.539	61.087
17.549	61.087
17.559	61.087
17.569	61.087
17.579	61.087
17.589	61.087
17.599	61.087
17.609	61.087
17.619	61.087
17.629	61.087
17.639	61.087
17.649	61.087
17.659	61.087
17.669	61.087
17.679	61.087
17.689	61.087
17.699	61.087
17.709	61.087
17.719	61.087
17.729	61.087
17.739	61.087
17.749	61.087
17.759	61.087
17.769	61.087
17.779	61.087
17.789	61.087
17.799	61.087
17.809	61.087
17.819	61.087
17.829	61.087
17.839	61.087
17.849	61.087
17.859	61.087
17.869	61.087
17.879	61.087
17.889	61.087
17.899	61.087
17.909	61.087
17.919	61.087
17.929	61.087
17.939	61.087
17.949	61.087
17.959	61.087
17.969	61.087
17.979	61.087
17.989	61.087
17.999	61.087
18.009	61.087
18.019	61.087
18.029	61.087
18.039	61.087
18.049	61.087
18.059	61.087
18.069	61.087
18.079	61.087
18.089	61.087
18.099	61.087
18.109	61.087
18.119	61.087
18.129	61.087
18.139	61.087
18.149	61.087
18.159	61.087
18.169	61.087
18.179	61.087
18.189	61.087
18.199	61.087
18.209	61.087
18.219	61.087
18.229	61.087
18.239	61.087
18.249	61.087
18.259	61.087
18.269	61.087
18.279	61.087
18.289	61.087
18.299	61.087
18.309	61.087
18.319	61.087
18.329	61.087
18.339	61.087
18.349	61.087
18.359	61.087
18.369	61.087
18.379	61.087
18.389	61.087
18.399	61.087
18.409	61.087
18.419	61.087
18.429	61.087
18.439	61.087
18.449	61.087
18.459	61.087
18.469	61.087
18.479	61.087
18.489	61.087
18.499	61.087
18.509	61.087
18.519	61.087
18.529	61.087
18.539	61.087
18.549	61.087
18.559	61.087
18.569	61.087
18.579	61.087
18.589	61.087
18.599	61.087
18.609	61.087
18.619	61.087
18.629	61.087
18.639	61.087
18.649	61.087
18.659	61.087
18.669	61.087
18.679	61.087
18.689	61.087
18.699	61.087
18.709	61.087
18.719	61.087
18.729	61.087
18.739	61.087
18.749	61.087
18.759	61.087
18.769	61.087
18.779	61.087
18.789	61.087
18.799	61.087
18.809	61.087
18.819	61.087
18.829	61.087
18.839	61.087
18.849	61.087
18.859	61.087
18.869	61.087
18.879	61.087
18.889	61.087
18.899	61.087
18.909	61.087
18.919	61.087
18.929	61.087
18.939	61.087
18.949	61.087
18.959	61.087
18.969	61.087
18.979	61.087
18.989	61.087
18.999	61.087
19.009	61.087
19.019	61.087
19.029	61.087
19.039	61.087
19.049	61.087
19.059	61.087
19.069	61.087
19.079	61.087
19.089	61.087
19.099	61.087
19.109	61.087
19.119	61.087
19.129	61.087
19.139	61.087
19.149	61.087
19.159	61.087
19.169	61.087
19.179	61.087
19.189	61.087
19.199	61.087
19.209	61.087
19.219	61.087
19.229	61.087
19.239	61.087
19.249	61.087
19.259	61.087
19.269	61.087
19.279	61.087
19.289	61.087
19.299	61.087
19.309	61.087
19.319	61.087
19.329	61.087
19.339	61.087
19.349	61.087
19.359	61.087
19.369	61.087
19.379	61.087
19.389	61.087
19.399	61.087
19.409	61.087
19.419	61.087
19.429	61.087
19.439	61.087
19.449	61.087
19.459	61.087
19.469	61.087
19.479	61.087
19.489	61.087
19.499	61.087
19.509	61.087
19.519	61.087
19.529	61.087
19.539	61.087
19.549	61.087
19.559	61.087
19.569	61.087
19.579	61.087
19.589	61.087
19.599	61.087
19.609	61.087
19.619	61.087
19.629	61.087
19.639	61.087
19.649	61.087
19.659	61.087
19.669	61.087
19.679	61.087
19.689	61.087
19.699	61.087
19.709	61.087
19.719	61.087
19.729	61.087
19.739	61.087
19.749	61.087
19.759	61.087
19.769	61.087
19.779	61.087
19.789	61.087
19.799	61.087
19.809	61.087
19.819	61.087
19.829	61.087
19.839	61.087
19.849	61.087
19.859	61.087
19.869	61.087
19.879	61.087
19.889	61.087
19.899	61.087
19.909	61.087
19.919	61.087
19.929	61.087
19.939	61.087
19.949	61.087
19.959	61.087
19.969	61.087
19.979	61.087
19.989	61.087
19.999	61.087
20.009	61.087
20.019	61.087
20.029	61.087
20.039	61.087
20.049	61.087
20.059	61.087
20.069	61.087
20.079	61.087
20.089	61.087
20.099	61.087
20.109	61.087
20.119	61.087
20.129	61.087
20.139	61.087
20.149	61.087
20.159	61.087
20.169	61.087
20.179	61.087
20.189	61.087
20.199	61.087
20.209	61.087
20.219	61.087
20.229	61.087
20.239	61.087
20.249	61.087
20.259	61.087
20.269	61.087
20.279	61.087
20.289	61.087
20.299	61.087
20.309	61.087
20.319	61.087
20.329	61.087
20.339	61.087
20.349	61.087
20.359	61.087
20.369	61.087
20.379	61.087
20.389	61.087
20.399	61.087
20.409	61.087
20.419	61.087
20.429	61.087
20.439	61.087
20.449	61.087
20.459	61.087
20.469	61.087
20.479	61.087
20.489	61.087
20.499	61.087
20.509	61.087
20.519	61.087
20.529	61.087
20.539	61.087
20.549	61.087
20.559	61.087
20.569	61.087
20.579	61.087
20.589	61.087
20.599	61.087
20.609	61.087
20.619	61.087
20.629	61.087
20.639	61.087
20.649	61.087
20.659	61.087
20.669	61.087
20.679	61.087
20.689	61.087
20.699	61.087
20.709	61.087
20.719	61.087
20.729	61.087
20.739	61.087
20.749	61.087
20.759	61.087
20.769	61.087
20.779	61.087
20.789	61.087
20.799	61.087
20.809	61.087
20.819	61.087
20.829	61.087
20.839	61.087
20.849	61.087
20.859	61.087
20.869	61.087
20.879	61.087
20.889	61.087
20.899	61.087
20.909	61.087
20.919	61.087
20.929	61.087
20.939	61.087
20.949	61.087
20.959	61.087
20.969	61.087
20.979	61.087
20.989	61.087
20.999	61.087
21.009	61.087
21.019	61.087
21.029	61.087
21.039	61.087
21.049	61.087
21.059	61.087
21.069	61.087
21.079	61.087
21.089	61.087
21.099	61.087
21.109	61.087
21.119	61.087
21.129	61.087
21.139	61.087
21.149	61.087
21.159	61.087
21.169	61.087
21.179	61.087
21.189	61.087
21.199	61.087
21.209	61.087
21.219	61.087
21.229	61.087
21.239	61.087
21.249	61.087
21.259	61.087
21.269	61.087
21.279	61.087
21.289	61.087
21.299	61.087
21.309	61.087
21.319	61.087
21.329	61.087
21.339	61.087
21.349	61.087
21.359	61.087
21.369	61.087
21.379	61.087
21.389	61.087
21.399	61.087
21.409	61.087
21.419	61.087
21.429	61.087
21.439	61.087
21.449	61.087
21.459	61.087
21.469	61.087
21.479	61.087
21.489	61.087
21.499	61.087
21.509	61.087
21.519	61.087
21.529	61.087
21.539	61.087
21.549	61.087
21.559	61.087
21.569	61.087
21.579	61.087
21.589	61.087
21.599	61.087
21.609	61.087
21.619	61.087
21.629	61.087
21.639	61.087
21.649	61.087
21.659	61.087
21.669	61.087
21.679	61.087
21.689	61.087
21.699	61.087
21.709	61.087
21.719	61.087
21.729	61.087
21.739	61.087
21.749	61.087
21.759	61.087
21.769	61.087
21.779	61.087
21.789	61.087
21.799	61.087
21.809	61.087
21.819	61.087
21.829	61.087
21.839	61.087
21.849	61.087
21.859	61.087
21.869	61.087
21.879	61.087
21.889	61.087
21.899	61.087
21.909	61.087
21.919	61.087
21.929	61.087
21.939	61.087
21.949	61.087
21.959	61.087
21.969	61.087
21.979	61.087
21.989	61.087
21.999	61.087
22.009	61.087
22.019	61.087
22.029	61.087
22.039	61.087
22.049	61.087
22.059	61.087
22.069	61.087
22.079	61.087
22.089	61.087
22.099	61.087
22.109	61.087
22.119	61.087
22.129	61.087
22.139	61.087
22.149	61.087
22.159	61.087
22.169	61.087
22.179	61.087
22.189	61.087
22.199	61.087
22.209	61.087
22.219	61.087
22.229	9.72979e+265
22.242	1.49186e-154
22.251	1.49186e-154
22.259	1.49186e-154
22.272	1.49186e-154
22.280	1.49186e-154
22.293	1.49186e-154
22.301	1.49186e-154
22.309	1.49186e-154
22.322	1.49186e-154
22.330	1.49186e-154
22.339	1.49186e-154
22.352	1.49186e-154
22.360	1.49186e-154
22.373	1.49186e-154
22.381	1.49186e-154
22.389	1.49186e-154
22.402	1.49186e-154
22.410	1.49186e-154
22.423	1.49186e-154
22.431	1.49186e-154
22.439	1.49186e-154
22.452	1.49186e-154
22.460	1.49186e-154
22.473	1.49186e-154
22.481	1.49186e-154
22.489	1.49186e-154
22.502	1.49186e-154
22.511	1.49186e-154
22.523	1.49186e-154
22.531	1.49186e-154
22.540	1.49186e-154
22.552	1.49186e-154
22.560	1.49186e-154
22.573	1.49186e-154
22.581	1.49186e-154
22.589	1.49186e-154
22.602	1.49186e-154
22.610	1.49186e-154
22.623	1.49186e-154
22.631	1.49186e-154
22.639	1.49186e-154
22.651	1.49186e-154
22.660	1.49186e-154
22.672	1.49186e-154
22.681	1.49186e-154
22.689	1.49186e-154
22.702	1.49186e-154
22.710	1.49186e-154
22.722	1.49186e-154
22.731	1.49186e-154
22.743	1.49186e-154
22.751	1.49186e-154
22.760	1.49186e-154
22.772	1.49186e-154
22.780	1.49186e-154
22.793	1.49186e-154
22.801	1.49186e-154
22.810	1.49186e-154
22.822	1.49186e-154
22.830	1.49186e-154
22.843	1.49186e-154
22.851	1.49186e-154
22.859	1.49186e-154
22.872	1.49186e-154
22.881	1.49186e-154
22.889	1.49186e-154
22.902	1.49186e-154
22.910	1.49186e-154
22.922	1.49186e-154
22.931	1.49186e-154
22.939	1.49186e-154
22.952	1.49186e-154
22.960	1.49186e-154
22.973	1.49186e-154
22.981	1.49186e-154
22.989	1.49186e-154
23.002	1.49186e-154
23.010	1.49186e-154
23.023	1.49186e-154
23.031	1.49186e-154
23.039	1.49186e-154
23.052	1.49186e-154
23.060	1.49186e-154
23.073	1.49186e-154
23.081	1.49186e-154
23.089	1.49186e-154
23.102	1.49186e-154
23.110	1.49186e-154
23.123	1.49186e-154
23.131	1.49186e-154
23.139	1.49186e-154
23.152	1.49186e-154
23.160	1.49186e-154
23.173	1.49186e-154
23.181	1.49186e-154
23.190	1.49186e-154
23.202	1.49186e-154
23.211	1.49186e-154
23.219	1.49186e-154
23.232	1.49186e-154
23.240	1.49186e-154
23.253	1.49186e-154
23.261	1.49186e-154
23.269	1.49186e-154
23.282	1.49186e-154
23.290	1.49186e-154
23.303	1.49186e-154
23.311	1.49186e-154
23.320	1.49186e-154
23.332	1.49186e-154
23.341	1.49186e-154
23.353	1.49186e-154
23.362	1.49186e-154
23.370	1.49186e-154
23.383	1.49186e-154
23.391	1.49186e-154
23.399	1.49186e-154
23.412	1.49186e-154
23.420	1.49186e-154
23.433	1.49186e-154
23.441	1.49186e-154
23.449	1.49186e-154
23.462	1.49186e-154
23.470	1.49186e-154
23.482	1.49186e-154
23.491	1.49186e-154
23.499	1.49186e-154
23.512	1.49186e-154
23.520	1.49186e-154
23.532	1.49186e-154
23.541	1.49186e-154
23.553	1.49186e-154
23.561	1.49186e-154
23.570	1.49186e-154
23.582	1.49186e-154
23.590	1.49186e-154
23.603	1.49186e-154
23.611	1.49186e-154
23.619	1.49186e-154
23.632	1.49186e-154
23.640	1.49186e-154
23.652	1.49186e-154
23.661	1.49186e-154
23.673	1.49186e-154
23.681	1.49186e-154
23.690	1.49186e-154
23.702	1.49186e-154
23.710	1.49186e-154
23.723	1.49186e-154
23.731	1.49186e-154
23.739	1.49186e-154
23.752	1.49186e-154
23.761	1.49186e-154
23.769	1.49186e-154
23.782	1.49186e-154
23.790	1.49186e-154
23.803	1.49186e-154
23.811	1.49186e-154
23.819	1.49186e-154
23.832	1.49186e-154
23.840	1.49186e-154
23.852	1.49186e-154
23.861	1.49186e-154
23.869	1.49186e-154
23.882	1.49186e-154
23.890	1.49186e-154
23.902	1.49186e-154
23.911	1.49186e-154
23.919	1.49186e-154
23.932	1.49186e-154
23.940	1.49186e-154
23.952	1.49186e-154
23.961	1.49186e-154
23.970	1.49186e-154
23.982	1.49186e-154
23.990	1.49186e-154
24.003	1.49186e-154
24.011	1.49186e-154
24.019	1.49186e-154
24.042	1.49186e-154
24.050	1.49186e-154
24.063	1.49186e-154
24.071	1.49186e-154
24.079	1.49186e-154
24.092	1.49186e-154
24.100	1.49186e-154
24.113	1.49186e-154
24.121	1.49186e-154
24.129	1.49186e-154
24.142	1.49186e-154
24.150	1.49186e-154
24.162	1.49186e-154
24.171	1.49186e-154
24.183	1.49186e-154
24.192	1.49186e-154
24.200	1.49186e-154
24.212	1.49186e-154
24.221	1.49186e-154
24.229	1.49186e-154
24.242	1.49186e-154
24.250	1.49186e-154
24.262	1.49186e-154
24.270	1.49186e-154
24.283	1.49186e-154
24.291	1.49186e-154
24.299	1.49186e-154
24.312	1.49186e-154
24.320	1.49186e-154
24.332	1.49186e-154
24.341	1.49186e-154
24.349	1.49186e-154
24.362	1.49186e-154
24.370	1.49186e-154
24.382	1.49186e-154
24.391	1.49186e-154
24.399	1.49186e-154
24.412	1.49186e-154
24.420	1.49186e-154
24.433	1.49186e-154
24.441	1.49186e-154
24.449	1.49186e-154
24.462	1.49186e-154
24.470	1.49186e-154
24.483	1.49186e-154
24.491	1.49186e-154
24.499	1.49186e-154
24.513	1.49186e-154
24.521	1.49186e-154
24.529	1.49186e-154
24.542	1.49186e-154
24.550	1.49186e-154
24.563	1.49186e-154
24.571	1.49186e-154
24.579	1.49186e-154
24.592	1.49186e-154
24.600	1.49186e-154
24.612	1.49186e-154
24.621	1.49186e-154
24.633	1.49186e-154
24.641	1.49186e-154
24.650	1.49186e-154
24.662	1.49186e-154
24.670	1.49186e-154
24.683	1.49186e-154
24.691	1.49186e-154
24.700	1.49186e-154
24.713	1.49186e-154
24.721	1.49186e-154
24.729	1.49186e-154
24.742	1.49186e-154
24.750	1.49186e-154
24.763	1.49186e-154
24.771	1.49186e-154
24.779	1.49186e-154
24.792	1.49186e-154
24.800	1.49186e-154
24.812	1.49186e-154
24.821	1.49186e-154
24.829	1.49186e-154
24.842	1.49186e-154
24.850	1.49186e-154
24.862	1.49186e-154
24.871	1.49186e-154
24.879	1.49186e-154
24.892	1.49186e-154
24.900	1.49186e-154
24.912	1.49186e-154
24.921	1.49186e-154
24.929	1.49186e-154
24.941	1.49186e-154
24.950	1.49186e-154
24.962	1.49186e-154
24.970	1.49186e-154
24.983	1.49186e-154
24.991	1.49186e-154
25.009	1.49186e-154
25.022	1.49186e-154
25.030	1.49186e-154
25.043	1.49186e-154
25.051	1.49186e-154
25.059	1.49186e-154
25.072	1.49186e-154
25.080	1.49186e-154
25.093	1.49186e-154
25.101	1.49186e-154
25.109	1.49186e-154
25.122	1.49186e-154
25.130	1.49186e-154
25.142	1.49186e-154
25.151	1.49186e-154
25.159	1.49186e-154
25.171	1.49186e-154
25.180	1.49186e-154
25.192	1.49186e-154
25.201	1.49186e-154
25.209	1.49186e-154
25.221	1.49186e-154
25.230	1.49186e-154
25.242	1.49186e-154
25.251	1.49186e-154
25.263	1.49186e-154
25.271	1.49186e-154
25.280	1.49186e-154
25.292	1.49186e-154
25.300	1.49186e-154
25.313	1.49186e-154
25.321	1.49186e-154
25.330	1.49186e-154
25.342	1.49186e-154
25.350	1.49186e-154
25.363	1.49186e-154
25.371	1.49186e-154
25.379	1.49186e-154
25.392	1.49186e-154
25.400	1.49186e-154
25.413	1.49186e-154
25.422	1.49186e-154
25.430	1.49186e-154
25.443	1.49186e-154
25.451	1.49186e-154
25.459	1.49186e-154
25.472	1.49186e-154
25.480	1.49186e-154
25.492	1.49186e-154
25.501	1.49186e-154
25.509	1.49186e-154
25.522	1.49186e-154
25.530	1.49186e-154
25.543	1.49186e-154
25.551	1.49186e-154
25.559	1.49186e-154
25.572	1.49186e-154
25.580	1.49186e-154
25.592	1.49186e-154
25.601	1.49186e-154
25.610	1.49186e-154
25.622	1.49186e-154
25.630	1.49186e-154
25.643	1.49186e-154
25.651	1.49186e-154
25.659	1.49186e-154
25.672	1.49186e-154
25.680	1.49186e-154
25.693	1.49186e-154
25.701	1.49186e-154
25.710	1.49186e-154
25.722	1.49186e-154
25.730	1.49186e-154
25.743	1.49186e-154
25.751	1.49186e-154
25.759	1.49186e-154
25.772	1.49186e-154
25.780	1.49186e-154
25.793	1.49186e-154
25.801	1.49186e-154
25.809	1.49186e-154
25.822	1.49186e-154
25.830	1.49186e-154
25.842	1.49186e-154
25.851	1.49186e-154
25.863	1.49186e-154
25.872	1.49186e-154
25.880	1.49186e-154
25.893	1.49186e-154
25.901	1.49186e-154
25.910	1.49186e-154
25.922	1.49186e-154
25.930	1.49186e-154
25.943	1.49186e-154
25.951	1.49186e-154
25.959	1.49186e-154
25.972	1.49186e-154
25.980	1.49186e-154
25.993	1.49186e-154
26.001	1.49186e-154
26.009	1.49186e-154
26.022	1.49186e-154
26.030	1.49186e-154
26.043	1.49186e-154
26.051	1.49186e-154
26.059	1.49186e-154
26.072	1.49186e-154
26.080	1.49186e-154
26.092	1.49186e-154
26.101	1.49186e-154
26.113	1.49186e-154
26.121	1.49186e-154
26.130	1.49186e-154
26.142	1.49186e-154
26.150	1.49186e-154
26.163	1.49186e-154
26.171	1.49186e-154
26.179	1.49186e-154
26.192	1.49186e-154
26.200	1.49186e-154
26.213	1.49186e-154
26.221	1.49186e-154
26.230	1.49186e-154
26.242	1.49186e-154
26.250	1.49186e-154
26.263	1.49186e-154
26.271	1.49186e-154
26.280	1.49186e-154
26.292	1.49186e-154
26.300	1.49186e-154
26.313	1.49186e-154
26.321	1.49186e-154
26.329	1.49186e-154
26.342	1.49186e-154
26.350	1.49186e-154
26.362	1.49186e-154
26.371	1.49186e-154
26.379	1.49186e-154
26.392	1.49186e-154
26.400	1.49186e-154
26.412	1.49186e-154
26.421	1.49186e-154
26.429	1.49186e-154
26.442	1.49186e-154
26.450	1.49186e-154
26.462	1.49186e-154
26.471	1.49186e-154
26.483	1.49186e-154
26.491	1.49186e-154
26.500	1.49186e-154
26.512	1.49186e-154
26.520	1.49186e-154
26.533	1.49186e-154
26.541	1.49186e-154
26.549	1.49186e-154
26.562	1.49186e-154
26.570	1.49186e-154
26.583	1.49186e-154
26.591	1.49186e-154
26.599	1.49186e-154
26.611	1.49186e-154
26.620	1.49186e-154
26.632	1.49186e-154
26.641	1.49186e-154
26.653	1.49186e-154
26.661	1.49186e-154
26.670	1.49186e-154
26.682	1.49186e-154
26.691	1.49186e-154
26.699	1.49186e-154
26.712	1.49186e-154
26.720	1.49186e-154
26.732	1.49186e-154
26.742	1.49186e-154
26.750	1.49186e-154
26.762	1.49186e-154
26.771	1.49186e-154
26.783	1.49186e-154
26.791	1.49186e-154
26.799	1.49186e-154
26.812	1.49186e-154
26.820	1.49186e-154
26.833	1.49186e-154
26.841	1.49186e-154
26.849	1.49186e-154
26.862	1.49186e-154
26.870	1.49186e-154
26.883	1.49186e-154
26.891	1.49186e-154
26.899	1.49186e-154
26.912	1.49186e-154
26.920	1.49186e-154
26.932	1.49186e-154
26.941	1.49186e-154
26.949	1.49186e-154
26.961	1.49186e-154
26.970	1.49186e-154
26.982	1.49186e-154
26.990	1.49186e-154
27.003	1.49186e-154
27.011	1.49186e-154
27.019	1.49186e-154
27.032	1.49186e-154
27.040	1.49186e-154
27.052	1.49186e-154
27.061	1.49186e-154
27.073	1.49186e-154
27.081	1.49186e-154
27.090	1.49186e-154
27.102	1.49186e-154
27.110	1.49186e-154
27.123	1.49186e-154
27.131	1.49186e-154
27.139	1.49186e-154
27.152	1.49186e-154
27.160	1.49186e-154
27.172	1.49186e-154
27.181	1.49186e-154
27.189	1.49186e-154
27.202	1.49186e-154
27.210	1.49186e-154
27.223	1.49186e-154
27.231	1.49186e-154
27.240	1.49186e-154
27.252	1.49186e-154
27.260	1.49186e-154
27.273	1.49186e-154
27.281	1.49186e-154
27.290	1.49186e-154
27.302	1.49186e-154
27.311	1.49186e-154
27.323	1.49186e-154
27.331	1.49186e-154
27.339	1.49186e-154
27.352	1.49186e-154
27.360	1.49186e-154
27.371	61.087
27.380	61.087
27.392	61.087
27.401	61.087
27.410	61.087
27.421	61.087
27.430	61.087
27.441	61.087
27.450	61.087
27.462	61.087
27.470	61.087
27.479	61.087
27.491	61.087
27.500	61.087
27.511	61.087
27.520	61.087
27.532	61.087
27.541	61.087
27.549	61.087
27.561	61.087
27.570	61.087
27.582	61.087
27.590	61.087
27.602	61.087
27.611	61.087
27.619	61.087
27.631	61.087
27.639	61.087
27.651	61.087
27.660	61.087
27.672	61.087
27.680	61.087
27.689	61.087
27.701	61.087
27.710	61.087
27.721	61.087
27.730	61.087
27.742	61.087
27.750	61.087
27.762	61.087
27.770	61.087
27.779	61.087
27.791	61.087
27.799	61.087
27.811	61.087
27.820	61.087
27.832	61.087
27.840	61.087
27.849	61.087
27.861	61.087
27.869	61.087
27.881	61.087
27.890	61.087
27.901	61.087
27.910	61.087
27.921	61.087
27.930	61.087
27.941	61.087
27.950	61.087
27.962	61.087
27.970	61.087
27.982	61.087
27.991	61.087
27.999	61.087
28.011	61.087
28.020	61.087
28.031	61.087
28.040	61.087
28.051	61.087
28.060	61.087
28.072	61.087
28.080	61.087
28.089	61.087
28.101	61.087
28.109	61.087
28.121	61.087
28.130	61.087
28.141	61.087
28.150	61.087
28.162	61.087
28.171	61.087
28.180	61.087
28.191	61.087
28.200	61.087
28.211	61.087
28.220	61.087
28.232	61.087
28.240	61.087
28.249	61.087
28.261	61.087
28.270	61.087
28.285	61.087
28.291	61.087
28.300	61.087
28.311	61.087
28.320	61.087
28.331	61.087
28.340	61.087
28.352	61.087
28.360	61.087
28.369	61.087
28.381	61.087
28.390	61.087
28.401	61.087
28.410	61.087
28.422	61.087
28.430	61.087
28.439	61.087
28.451	61.087
28.459	61.087
28.471	61.087
28.479	61.087
28.491	61.087
28.500	61.087
28.511	61.087
28.520	61.087
28.531	61.087
28.540	61.087
28.552	61.087
28.560	61.087
28.572	61.087
28.580	61.087
28.592	61.087
28.601	61.087
28.609	61.087
28.621	61.087
28.630	61.087
28.641	61.087
28.650	61.087
28.662	61.087
28.670	61.087
28.682	61.087
28.690	61.087
28.699	61.087
28.711	61.087
28.719	61.087
28.731	61.087
28.740	61.087
28.751	61.087
28.760	61.087
28.771	61.087
28.780	61.087
28.792	61.087
28.801	61.087
28.809	61.087
28.821	61.087
28.830	61.087
28.841	61.087
28.850	61.087
28.862	61.087
28.870	61.087
28.879	61.087
28.891	61.087
28.900	61.087
28.911	61.087
28.920	61.087
28.932	61.087
28.940	61.087
28.949	61.087
28.961	61.087
28.969	61.087
28.981	61.087
28.990	61.087
29.001	61.087
29.010	61.087
29.022	61.087
29.030	61.087
29.039	61.087
29.051	61.087
29.059	61.087
29.071	61.087
29.080	61.087
29.091	61.087
29.100	61.087
29.112	61.087
29.120	61.087
29.132	61.087
29.140	61.087
29.149	61.087
29.161	61.087
29.169	61.087
29.181	61.087
29.189	61.087
29.201	61.087
29.210	61.087
29.221	61.087
29.230	61.087
29.242	61.087
29.250	61.087
29.259	61.087
29.271	61.087
29.280	61.087
29.291	61.087
29.300	61.087
29.312	61.087
29.321	61.087
29.329	61.087
29.341	61.087
29.350	61.087
29.361	61.087
29.370	61.087
29.381	61.087
29.390	61.087
29.402	61.087
29.410	61.087
29.422	61.087
29.430	61.087
29.439	61.087
29.451	61.087
29.459	61.087
29.471	61.087
29.480	61.087
29.491	61.087
29.500	61.087
29.512	61.087
29.520	61.087
29.532	61.087
29.540	61.087
29.552	61.087
29.561	61.087
29.569	61.087
29.581	61.087
29.590	61.087
29.601	61.087
29.610	61.087
29.622	61.087
29.630	61.087
29.642	61.087
29.650	61.087
29.659	61.087
29.671	61.087
29.679	61.087
29.691	61.087
29.699	61.087
29.711	61.087
29.720	61.087
29.731	61.087
29.740	61.087
29.751	61.087
29.760	61.087
29.772	61.087
29.780	61.087
29.792	61.087
29.800	61.087
29.809	61.087
29.821	61.087
29.829	61.087
29.841	61.087
29.850	61.087
29.861	61.087
29.870	61.087
29.882	61.087
29.891	61.087
29.899	61.087
29.911	61.087
29.919	61.087
29.931	61.087
29.940	61.087
29.951	61.087
29.960	61.087
29.972	61.087
29.980	61.087
29.992	61.087
30.000	61.087
30.009	61.087
30.021	61.087
30.029	61.087
30.041	61.087
30.049	61.087
30.061	61.087
30.070	61.087
30.081	61.087
30.090	61.087
30.102	61.087
30.111	61.087
30.119	61.087
30.131	61.087
30.140	61.087
30.151	61.087
30.160	61.087
30.172	61.087
30.180	61.087
30.189	61.087
30.201	61.087
30.209	61.087
30.221	61.087
30.229	61.087
30.241	61.087
30.250	61.087
30.261	61.087
30.270	61.087
30.282	61.087
30.290	61.087
30.299	61.087
30.311	61.087
30.319	61.087
30.331	61.087
30.340	61.087
30.351	61.087
30.360	61.087
30.371	61.087
30.380	61.087
30.392	61.087
30.400	61.087
30.412	61.087
30.420	61.087
30.432	61.087
30.440	61.087
30.449	61.087
30.461	61.087
30.470	61.087
30.481	61.087
30.490	61.087
30.501	61.087
30.510	61.087
30.522	61.087
30.531	61.087
30.539	61.087
30.551	61.087
30.560	61.087
30.569	61.087
30.581	61.087
30.589	61.087
30.601	61.087
30.610	61.087
30.621	61.087
30.630	61.087
30.641	61.087
30.650	61.087
30.662	61.087
30.670	61.087
30.679	61.087
30.691	61.087
30.699	61.087
30.711	61.087
30.720	61.087
30.731	61.087
30.740	61.087
30.752	61.087
30.760	61.087
30.769	61.087
30.781	61.087
30.789	61.087
30.801	61.087
30.809	61.087
30.821	61.087
30.830	61.087
30.841	61.087
30.850	61.087
30.862	61.087
30.870	61.087
30.879	61.087
30.891	61.087
30.899	61.087
30.911	61.087
30.920	61.087
30.931	61.087
30.940	61.087
30.951	61.087
30.960	61.087
30.971	61.087
30.980	61.087
30.992	61.087
31.001	61.087
31.009	61.087
31.021	61.087
31.029	61.087
31.041	61.087
31.050	61.087
31.062	61.087
31.070	61.087
31.088	61.087
31.094	61.087
31.099	61.087
31.111	61.087
31.120	61.087
31.131	61.087
31.140	61.087
31.151	61.087
31.160	61.087
31.171	61.087
31.180	61.087
31.192	61.087
31.200	61.087
31.209	61.087
31.221	61.087
31.229	61.087
31.241	61.087
31.250	61.087
31.261	61.087
31.270	61.087
31.282	61.087
31.290	61.087
31.302	61.087
31.310	61.087
31.319	61.087
31.331	61.087
31.339	61.087
31.351	61.087
31.360	61.087
31.371	61.087
31.380	61.087
31.392	61.087
31.400	61.087
31.409	61.087
31.421	61.087
31.429	61.087
31.441	61.087
31.450	61.087
31.461	61.087
31.470	61.087
31.481	61.087
31.490	61.087
31.502	61.087
31.510	61.087
31.522	61.087
31.530	61.087
31.542	61.087
31.550	61.087
31.559	61.087
31.571	61.087
31.579	61.087
31.591	61.087
31.599	61.087
31.611	61.087
31.620	61.087
31.631	61.087
31.640	61.087
31.651	61.087
31.660	61.087
31.672	61.087
31.680	61.087
31.689	61.087
31.701	61.087
31.710	61.087
31.721	61.087
31.730	61.087
31.742	61.087
31.750	61.087
31.762	61.087
31.771	61.087
31.779	61.087
31.791	61.087
31.799	61.087
31.811	61.087
31.820	61.087
31.831	61.087
31.840	61.087
31.851	61.087
31.860	61.087
31.872	61.087
31.880	61.087
31.892	61.087
31.900	61.087
31.909	61.087
31.921	61.087
31.929	61.087
31.941	61.087
31.949	61.087
31.961	61.087
31.970	61.087
31.981	61.087
31.990	61.087
32.001	61.087
32.010	61.087
32.022	61.087
32.030	61.087
32.042	61.087
32.050	61.087
32.059	61.087
32.070	61.087
32.079	61.087
32.091	61.087
32.099	61.087
32.111	61.087
32.120	61.087
32.131	61.087
32.140	61.087
32.151	61.087
32.160	61.087
32.172	61.087
32.180	61.087
32.189	61.087
32.201	61.087
32.209	61.087
32.221	61.087
32.229	61.087
32.241	61.087
32.250	61.087
32.261	61.087
32.270	61.087
32.282	61.087
32.290	61.087
32.302	61.087
32.310	61.087
32.319	61.087
32.331	61.087
32.340	61.087
32.351	61.087
32.360	61.087
32.372	61.087
32.380	61.087
32.392	61.087
32.401	61.087
32.409	61.087
32.421	61.087
32.430	61.087
32.441	61.087
32.450	61.087
32.462	61.087
32.470	61.087
32.482	61.087
32.491	61.087
32.499	61.087
32.511	61.087
32.519	61.087
32.531	61.087
32.540	61.087
32.551	61.087
32.560	61.087
32.572	61.087
32.580	61.087
32.589	61.087
32.601	61.087
32.609	61.087
32.621	61.087
32.630	61.087
32.641	61.087
32.650	61.087
32.661	61.087
32.670	61.087
32.682	61.087
32.690	61.087
32.702	61.087
32.710	61.087
32.719	61.087
32.731	61.087
32.739	61.087
32.751	61.087
32.760	61.087
32.771	61.087
32.780	61.087
32.792	61.087
32.801	61.087
32.810	61.087
32.821	61.087
32.830	61.087
32.842	61.087
32.850	61.087
32.862	61.087
32.871	61.087
32.879	61.087
32.891	61.087
32.900	61.087
32.912	61.087
32.920	61.087
32.929	61.087
32.941	61.087
32.950	61.087
32.961	61.087
32.970	61.087
32.981	61.087
32.990	61.087
33.002	61.087
33.011	61.087
33.019	61.087
33.031	61.087
33.039	61.087
33.051	61.087
33.059	61.087
33.071	61.087
33.080	61.087
33.091	61.087
33.100	61.087
33.112	61.087
33.121	61.087
33.129	61.087
33.141	61.087
33.150	61.087
33.161	61.087
33.170	61.087
33.182	61.087
33.191	61.087
33.199	61.087
33.211	61.087
33.220	61.087
33.231	61.087
33.240	61.087
33.251	61.087
33.260	61.087
33.272	61.087
33.280	61.087
33.292	61.087
33.301	61.087
33.310	61.087
33.321	61.087
33.330	61.087
33.341	61.087
33.350	61.087
33.362	61.087
33.370	61.087
33.382	61.087
33.391	61.087
33.399	61.087
33.411	61.087
33.419	61.087
33.431	61.087
33.440	61.087
33.451	61.087
33.460	61.087
33.472	61.087
33.480	61.087
33.489	61.087
33.501	61.087
33.510	61.087
33.521	61.087
33.530	61.087
33.542	61.087
33.551	61.087
33.559	61.087
33.571	61.087
33.580	61.087
33.591	61.087
33.600	61.087
33.612	61.087
33.620	61.087
33.629	61.087
33.641	61.087
33.650	61.087
33.661	61.087
33.670	61.087
33.682	61.087
33.690	61.087
33.702	61.087
33.710	61.087
33.719	61.087
33.731	61.087
33.739	61.087
33.751	61.087
33.760	61.087
33.771	61.087
33.780	61.087
33.792	61.087
33.800	61.087
33.812	61.087
33.821	61.087
33.829	61.087
33.841	61.087
33.849	61.087
33.861	61.087
33.870	61.087
33.881	61.087
33.890	61.087
33.901	61.087
33.910	61.087
33.922	61.087
33.930	61.087
33.939	61.087
33.951	61.087
33.959	61.087
33.971	61.087
33.980	61.087
33.991	61.087
34.000	61.087
34.011	61.087
34.020	61.087
34.032	61.087
34.040	61.087
34.049	61.087
34.061	61.087
34.070	61.087
34.081	61.087
34.090	61.087
34.101	61.087
34.110	61.087
34.121	61.087
34.130	61.087
34.142	61.087
34.150	61.087
34.159	61.087
34.170	61.087
34.182	61.087
34.190	61.087
34.199	61.087
34.211	61.087
34.219	61.087
34.231	61.087
34.239	61.087
34.251	61.087
34.259	61.087
34.271	61.087
34.279	61.087
34.291	61.087
34.300	61.087
34.311	61.087
34.320	61.087
34.331	61.087
34.340	61.087
34.352	61.087
34.360	61.087
34.369	61.087
34.381	61.087
34.389	61.087
34.401	61.087
34.410	61.087
34.422	61.087
34.431	61.087
34.439	61.087
34.451	61.087
34.459	61.087
34.471	61.087
34.480	61.087
34.491	61.087
34.500	61.087
34.511	61.087
34.520	61.087
34.532	61.087
34.540	61.087
34.549	61.087
34.561	61.087
34.569	61.087
34.581	61.087
34.589	61.087
34.601	61.087
34.610	61.087
34.621	61.087
34.630	61.087
34.642	61.087
34.651	61.087
34.659	61.087
34.671	61.087
34.680	61.087
34.691	61.087
34.700	61.087
34.711	61.087
34.720	61.087
34.732	61.087
34.740	61.087
34.752	61.087
34.760	61.087
34.769	61.087
34.780	61.087
34.789	61.087
34.801	61.087
34.809	61.087
34.821	61.087
34.829	61.087
34.841	61.087
34.850	61.087
34.861	61.087
34.870	61.087
34.881	61.087
34.890	61.087
34.902	61.087
34.910	61.087
34.922	61.087
34.930	61.087
34.942	61.087
34.950	61.087
34.959	61.087
34.971	61.087
34.979	61.087
34.991	61.087
35.000	61.087
35.011	61.087
35.020	61.087
35.031	61.087
35.040	61.087
35.052	61.087
35.060	61.087
35.069	61.087
35.081	61.087
35.089	61.087
35.101	61.087
35.110	61.087
35.121	61.087
35.130	61.087
35.142	61.087
35.150	61.087
35.159	61.087
35.171	61.087
35.179	61.087
35.191	61.087
35.200	61.087
35.211	61.087
35.220	61.087
35.231	61.087
35.240	61.087
35.252	61.087
35.260	61.087
35.269	61.087
35.281	61.087
35.289	61.087
35.301	61.087
35.309	61.087
35.321	61.087
35.336	61.087
35.342	61.087
35.351	61.087
35.359	61.087
35.371	61.087
35.379	61.087
35.391	61.087
35.399	61.087
35.411	61.087
35.420	61.087
35.431	61.087
35.440	61.087
35.451	61.087
35.460	61.087
35.472	61.087
35.480	61.087
35.492	61.087
35.501	61.087
35.509	61.087
35.521	61.087
35.530	61.087
35.541	61.087
35.550	61.087
35.559	61.087
35.571	61.087
35.579	61.087
35.591	61.087
35.600	61.087
35.611	61.087
35.620	61.087
35.632	61.087
35.640	61.087
35.652	61.087
35.660	61.087
35.672	61.087
35.681	61.087
35.689	61.087
35.701	61.087
35.710	61.087
35.721	61.087
35.730	61.087
35.741	61.087
35.750	61.087
35.762	61.087
35.770	61.087
35.782	61.087
35.791	61.087
35.799	61.087
35.811	61.087
35.820	61.087
35.831	61.087
35.840	61.087
35.852	61.087
35.860	61.087
35.872	61.087
35.880	61.087
35.889	61.087
35.901	61.087
35.909	61.087
35.921	61.087
35.930	61.087
35.942	61.087
35.950	61.087
35.959	61.087
35.971	61.087
35.979	61.087
35.991	61.087
36.000	61.087
36.011	61.087
36.020	61.087
36.031	61.087
36.040	61.087
36.052	61.087
36.060	61.087
36.069	61.087
36.081	61.087
36.089	61.087
36.101	61.087
36.110	61.087
36.121	61.087
36.130	61.087
36.141	61.087
36.150	61.087
36.161	61.087
36.170	61.087
36.182	61.087
36.190	61.087
36.202	61.087
36.211	61.087
36.219	61.087
36.231	61.087
36.240	61.087
36.251	61.087
36.260	61.087
36.271	61.087
36.280	61.087
36.292	61.087
36.300	61.087
36.312	61.087
36.321	61.087
36.329	61.087
36.341	61.087
36.350	61.087
36.361	61.087
36.379	61.087
36.391	61.087
36.400	61.087
36.411	61.087
36.420	61.087
36.432	61.087
36.440	61.087
36.449	61.087
36.461	61.087
36.469	61.087
36.481	61.087
36.489	61.087
36.501	61.087
36.510	61.087
36.521	61.087
36.530	61.087
36.542	61.087
36.550	61.087
36.562	61.087
36.570	61.087
36.579	61.087
36.591	61.087
36.599	61.087
36.611	61.087
36.619	61.087
36.631	61.087
36.640	61.087
36.651	61.087
36.660	61.087
36.671	61.087
36.680	61.087
36.692	61.087
36.700	61.087
36.709	61.087
36.721	61.087
36.729	61.087
36.741	61.087
36.750	61.087
36.761	61.087
36.770	61.087
36.781	61.087
36.790	61.087
36.799	61.087
36.811	61.087
36.819	61.087
36.831	61.087
36.840	61.087
36.851	61.087
36.860	61.087
36.871	61.087
36.880	61.087
36.892	61.087
36.900	61.087
36.909	61.087
36.921	61.087
36.929	61.087
36.941	61.087
36.950	61.087
36.961	61.087
36.970	61.087
36.981	61.087
36.990	61.087
37.002	61.087
37.010	61.087
37.019	61.087
37.031	61.087
37.039	61.087
37.051	61.087
37.060	61.087
37.071	61.087
37.080	61.087
37.091	61.087
37.100	61.087
37.112	61.087
37.120	61.087
37.129	61.087
37.141	61.087
37.149	61.087
37.161	61.087
37.170	61.087
37.181	61.087
37.190	61.087
37.201	61.087
37.210	61.087
37.222	61.087
37.230	61.087
37.242	61.087
37.251	61.087
37.259	61.087
37.271	61.087
37.280	61.087
37.292	61.087
37.301	61.087
37.309	61.087
37.321	61.087
37.330	61.087
37.341	61.087
37.350	61.087
37.362	61.087
37.370	61.087
37.379	61.087
37.391	61.087
37.399	61.087
37.411	61.087
37.419	61.087
37.431	61.087
37.440	61.087
37.451	61.087
37.460	61.087
37.472	61.087
37.481	61.087
37.489	61.087
37.501	61.087
37.510	61.087
37.521	61.087
37.530	61.087
37.542	61.087
37.550	61.087
37.559	61.087
37.571	61.087
37.580	61.087
37.591	61.087
37.600	61.087
37.611	61.087
37.620	61.087
37.631	61.087
37.640	61.087
37.652	61.087
37.660	61.087
37.669	61.087
37.681	61.087
37.689	61.087
37.701	61.087
37.710	61.087
37.721	61.087
37.730	61.087
37.739	61.087
37.751	61.087
37.759	61.087
37.771	61.087
37.780	61.087
37.789	61.087
37.801	61.087
37.809	61.087
37.821	61.087
37.830	61.087
37.841	61.087
37.850	61.087
37.862	61.087
37.870	61.087
37.879	61.087
37.891	61.087
37.899	61.087
37.911	61.087
37.920	61.087
37.931	61.087
37.940	61.087
37.952	61.087
37.960	61.087
37.972	61.087
37.981	61.087
37.989	61.087
38.001	61.087
38.009	61.087
38.021	61.087
38.030	61.087
38.042	61.087
38.050	61.087
38.062	61.087
38.071	61.087
38.079	61.087
38.091	61.087
38.100	61.087
38.111	61.087
38.120	61.087
38.131	61.087
38.140	61.087
38.152	61.087
38.160	61.087
38.172	61.087
38.181	61.087
38.190	61.087
38.201	61.087
38.210	61.087
38.222	61.087
38.230	61.087
38.239	61.087
38.251	61.087
38.259	61.087
38.271	61.087
38.280	61.087
38.291	61.087
38.300	61.087
38.311	61.087
38.320	61.087
38.332	61.087
38.340	61.087
38.349	61.087
38.361	61.087
38.369	61.087
38.381	61.087
38.390	61.087
38.401	61.087
38.410	61.087
38.419	61.087
38.431	61.087
38.440	61.087
38.451	61.087
38.460	61.087
38.471	61.087
38.480	61.087
38.492	61.087
38.500	61.087
38.512	61.087
38.521	61.087
38.530	61.087
38.541	61.087
38.550	61.087
38.561	61.087
38.570	61.087
38.582	61.087
38.590	61.087
38.599	61.087
38.611	61.087
38.619	61.087
38.631	61.087
38.639	61.087
38.651	61.087
38.660	61.087
38.671	61.087
38.680	61.087
38.692	61.087
38.700	61.087
38.709	61.087
38.721	61.087
38.730	61.087
38.741	61.087
38.750	61.087
38.762	61.087
38.771	61.087
38.779	61.087
38.791	61.087
38.800	61.087
38.811	61.087
38.820	61.087
38.832	61.087
38.840	61.087
38.852	61.087
38.860	61.087
38.869	61.087
38.881	61.087
38.889	61.087
38.901	61.087
38.910	61.087
38.921	61.087
38.930	61.087
38.942	61.087
38.950	61.087
38.959	61.087
38.971	61.087
38.979	61.087
38.991	61.087
39.000	61.087
39.012	61.087
39.021	61.087
39.029	61.087
39.041	61.087
39.050	61.087
39.061	61.087
39.070	61.087
39.082	61.087
39.090	61.087
39.099	61.087
39.111	61.087
39.119	61.087
39.131	61.087
39.140	61.087
39.155	61.087
39.161	61.087
39.170	61.087
39.181	61.087
39.190	61.087
39.199	61.087
39.211	61.087
39.219	61.087
39.231	61.087
39.240	61.087
39.251	61.087
39.260	61.087
39.271	61.087
39.280	61.087
39.292	61.087
39.300	61.087
39.312	61.087
39.321	61.087
39.330	61.087
39.341	61.087
39.350	61.087
39.361	61.087
39.370	61.087
39.382	61.087
39.390	61.087
39.402	61.087
39.411	61.087
39.419	61.087
39.431	61.087
39.440	61.087
39.451	61.087
39.460	61.087
39.471	61.087
39.480	61.087
39.492	61.087
39.500	61.087
39.509	61.087
39.521	61.087
39.530	61.087
39.541	61.087
39.550	61.087
39.562	61.087
39.570	61.087
39.579	61.087
39.591	61.087
39.600	61.087
39.611	61.087
39.620	61.087
39.632	61.087
39.640	61.087
39.655	61.087
39.661	61.087
39.670	61.087
39.682	61.087
39.691	61.087
39.699	61.087
39.711	61.087
39.720	61.087
39.731	61.087
39.740	61.087
39.752	61.087
39.760	61.087
39.769	61.087
39.780	61.087
39.789	61.087
39.801	61.087
39.809	61.087
39.821	61.087
39.830	61.087
39.841	61.087
39.850	61.087
39.861	61.087
39.870	61.087
39.882	61.087
39.890	61.087
39.899	61.087
39.911	61.087
39.919	61.087
39.931	61.087
39.939	61.087
39.951	61.087
39.960	61.087
39.971	61.087
39.980	61.087
39.991	61.087
40.000	61.087
40.009	61.087
40.021	61.087
40.029	61.087
40.041	61.087
40.050	61.087
40.061	61.087
40.070	61.087
40.079	61.087
40.091	61.087
40.099	61.087
40.111	61.087
40.127	61.087
40.133	61.087
40.141	61.087
40.150	61.087
40.159	61.087
40.171	61.087
40.179	61.087
40.191	61.087
40.200	61.087
40.212	61.087
40.220	61.087
40.232	61.087
40.240	61.087
40.249	61.087
40.261	61.087
40.269	61.087
40.281	61.087
40.289	61.087
40.301	61.087
40.310	61.087
40.321	61.087
40.330	61.087
40.345	61.087
40.351	61.087
40.359	61.087
40.371	61.087
40.380	61.087
40.391	61.087
40.400	61.087
40.409	61.087
40.421	61.087
40.429	61.087
40.441	61.087
40.449	61.087
40.461	61.087
40.470	61.087
40.481	61.087
40.490	61.087
40.501	61.087
40.510	61.087
40.522	61.087
40.530	61.087
40.542	61.087
40.551	61.087
40.559	61.087
40.571	61.087
40.580	61.087
40.591	61.087
40.600	61.087
40.612	61.087
40.620	61.087
40.632	61.087
40.640	61.087
40.649	61.087
40.661	61.087
40.670	61.087
40.681	61.087
40.690	61.087
40.701	61.087
40.710	61.087
40.722	61.087
40.731	61.087
40.739	61.087
40.751	61.087
40.759	61.087
40.771	61.087
40.780	61.087
40.791	61.087
40.800	61.087
40.811	61.087
40.820	61.087
40.832	61.087
40.840	61.087
40.852	61.087
40.861	61.087
40.870	61.087
40.881	61.087
40.890	61.087
40.901	61.087
40.910	61.087
40.921	61.087
40.930	61.087
40.942	61.087
40.951	61.087
40.959	61.087
40.971	61.087
40.979	61.087
40.991	61.087
40.999	61.087
41.011	61.087
41.020	61.087
41.032	61.087
41.040	61.087
41.049	61.087
41.061	61.087
41.069	61.087
41.081	61.087
41.090	61.087
41.101	61.087
41.110	61.087
41.122	61.087
41.130	61.087
41.142	61.087
41.150	61.087
41.159	61.087
41.171	61.087
41.179	61.087
41.191	61.087
41.200	61.087
41.212	61.087
41.220	61.087
41.229	61.087
41.241	61.087
41.249	61.087
41.261	61.087
41.269	61.087
41.281	61.087
41.290	61.087
41.301	61.087
41.316	61.087
41.322	61.087
41.331	61.087
41.339	61.087
41.351	61.087
41.360	61.087
41.371	61.087
41.380	61.087
41.389	61.087
41.401	61.087
41.409	61.087
41.421	61.087
41.430	61.087
41.441	61.087
41.450	61.087
41.462	61.087
41.470	61.087
41.480	61.087
41.491	61.087
41.500	61.087
41.511	61.087
41.520	61.087
41.532	61.087
41.540	61.087
41.552	61.087
41.560	61.087
41.569	61.087
41.581	61.087
41.590	61.087
41.601	61.087
41.610	61.087
41.621	61.087
41.630	61.087
41.641	61.087
41.650	61.087
41.662	61.087
41.670	61.087
41.679	61.087
41.690	61.087
41.699	61.087
41.711	61.087
41.720	61.087
41.731	61.087
41.740	61.087
41.751	61.087
41.760	61.087
41.771	61.087
41.780	61.087
41.792	61.087
41.801	61.087
41.809	61.087
41.821	61.087
41.830	61.087
41.841	61.087
41.850	61.087
41.861	61.087
41.870	61.087
41.882	61.087
41.891	61.087
41.899	61.087
41.911	61.087
41.920	61.087
41.931	61.087
41.940	61.087
41.951	61.087
41.960	61.087
41.971	61.087
41.980	61.087
41.992	61.087
42.001	61.087
42.010	61.087
42.022	61.087
42.030	61.087
42.042	61.087
42.051	61.087
42.059	61.087
42.071	61.087
42.079	61.087
42.091	61.087
42.100	61.087
42.111	61.087
42.120	61.087
42.131	61.087
42.140	61.087
42.152	61.087
42.160	61.087
42.175	61.087
42.181	61.087
42.190	61.087
42.201	61.087
42.210	61.087
42.222	61.087
42.231	61.087
42.239	61.087
42.251	61.087
42.259	61.087
42.271	61.087
42.280	61.087
42.291	61.087
42.300	61.087
42.312	61.087
42.321	61.087
42.329	61.087
42.341	61.087
42.349	61.087
42.361	61.087
42.370	61.087
42.381	61.087
42.390	61.087
42.402	61.087
42.411	61.087
42.419	61.087
42.431	61.087
42.439	61.087
42.451	61.087
42.459	61.087
42.471	61.087
42.480	61.087
42.492	61.087
42.501	61.087
42.509	61.087
42.521	61.087
42.530	61.087
42.541	61.087
42.550	61.087
42.562	61.087
42.571	61.087
42.579	61.087
42.591	61.087
42.600	61.087
42.611	61.087
42.620	61.087
42.632	61.087
42.640	61.087
42.649	61.087
42.661	61.087
42.669	61.087
42.681	61.087
42.690	61.087
42.701	61.087
42.710	61.087
42.721	61.087
42.730	61.087
42.742	61.087
42.750	61.087
42.762	61.087
42.770	61.087
42.779	61.087
42.791	61.087
42.799	61.087
42.811	61.087
42.820	61.087
42.831	61.087
42.840	61.087
42.852	61.087
42.860	61.087
42.869	61.087
42.881	61.087
42.896	61.087
42.902	61.087
42.911	61.087
42.920	61.087
42.931	61.087
42.940	61.087
42.952	61.087
42.961	61.087
42.969	61.087
42.981	61.087
42.989	61.087
43.001	61.087
43.010	61.087
43.021	61.087
43.030	61.087
43.042	61.087
43.050	61.087
43.059	61.087
43.071	61.087
43.080	61.087
43.091	61.087
43.100	61.087
43.112	61.087
43.120	61.087
43.129	61.087
43.141	61.087
43.149	61.087
43.161	61.087
43.170	61.087
43.181	61.087
43.190	61.087
43.202	61.087
43.210	61.087
43.219	61.087
43.231	61.087
43.239	61.087
43.251	61.087
43.260	61.087
43.271	61.087
43.280	61.087
43.289	61.087
43.301	61.087
43.309	61.087
43.321	61.087
43.330	61.087
43.341	61.087
43.350	61.087
43.362	61.087
43.370	61.087
43.382	61.087
43.391	61.087
43.399	61.087
43.411	61.087
43.419	61.087
43.431	61.087
43.440	61.087
43.451	61.087
43.460	61.087
43.471	61.087
43.480	61.087
43.491	61.087
43.500	61.087
43.511	61.087
43.520	61.087
43.532	61.087
43.540	61.087
43.549	61.087
43.561	61.087
43.569	61.087
43.581	61.087
43.590	61.087
43.599	61.087
43.611	61.087
43.619	61.087
43.631	61.087
43.640	61.087
43.651	61.087
43.660	61.087
43.672	61.087
43.680	61.087
43.689	61.087
43.701	61.087
43.710	61.087
43.721	61.087
43.730	61.087
43.739	61.087
43.751	61.087
43.759	61.087
43.771	61.087
43.779	61.087
43.791	61.087
43.800	61.087
43.811	61.087
43.820	61.087
43.831	61.087
43.840	61.087
43.852	61.087
43.860	61.087
43.869	61.087
43.881	61.087
43.890	61.087
43.901	61.087
43.910	61.087
43.919	61.087
43.930	61.087
43.939	61.087
43.951	61.087
43.959	61.087
43.971	61.087
43.979	61.087
43.991	61.087
44.000	61.087
44.011	61.087
44.020	61.087
44.031	61.087
44.040	61.087
44.052	61.087
44.060	61.087
44.069	61.087
44.081	61.087
44.089	61.087
44.100	61.087
44.109	61.087
44.121	61.087
44.130	61.087
44.141	61.087
44.150	61.087
44.161	61.087
44.170	61.087
44.191	61.087
44.200	61.087
44.211	61.087
44.220	61.087
44.232	61.087
44.240	61.087
44.249	61.087
44.261	61.087
44.270	61.087
44.281	61.087
44.290	61.087
44.301	61.087
44.310	61.087
44.322	61.087
44.330	61.087
44.342	61.087
44.350	61.087
44.359	61.087
44.371	61.087
44.379	61.087
44.391	61.087
44.400	61.087
44.411	61.087
44.420	61.087
44.429	61.087
44.441	61.087
44.449	61.087
44.461	61.087
44.469	61.087
44.481	61.087
44.490	61.087
44.501	61.087
44.510	61.087
44.522	61.087
44.530	61.087
44.539	61.087
44.551	61.087
44.559	61.087
44.571	61.087
44.580	61.087
44.591	61.087
44.600	61.087
44.612	61.087
44.621	61.087
44.629	61.087
44.641	61.087
44.650	61.087
44.661	61.087
44.670	61.087
44.682	61.087
44.690	61.087
44.699	61.087
44.711	61.087
44.720	61.087
44.731	61.087
44.740	61.087
44.749	61.087
44.761	61.087
44.770	61.087
44.781	61.087
44.790	61.087
44.801	61.087
44.810	61.087
44.822	61.087
44.831	61.087
44.839	61.087
44.851	61.087
44.860	61.087
44.871	61.087
44.880	61.087
44.892	61.087
44.900	61.087
44.909	61.087
