# Oscilloscope Data

# Seconds	force_sensor_R.filtered_adc
0.000	33244
0.012	33243
0.019	33244
0.029	33246
0.040	33244
0.060	33246
0.069	33245
0.079	33245
0.090	33246
0.099	33246
0.109	33242
0.119	33246
0.129	33244
0.140	33243
0.151	33247
0.159	33244
0.169	33248
0.196	33243
0.205	33246
0.214	33248
0.219	33242
0.229	33245
0.240	33244
0.249	33244
0.259	33247
0.276	33246
0.300	33246
0.328	33246
0.335	33247
0.346	33247
0.362	33244
0.375	33247
0.388	33246
0.401	33244
0.410	33245
0.419	33249
0.431	33246
0.443	33247
0.452	33248
0.460	33247
0.469	33247
0.479	33246
0.491	33248
0.500	33245
0.511	33247
0.519	33250
0.529	33246
0.540	33250
0.550	33248
0.559	33247
0.569	33247
0.579	33248
0.591	33247
0.600	33248
0.609	33248
0.621	33246
0.637	33247
0.643	33247
0.649	33247
0.659	33250
0.671	33245
0.697	33246
0.701	33247
0.709	33248
0.719	33251
0.729	33247
0.741	33248
0.749	33247
0.759	33247
0.769	33246
0.779	33245
0.799	33246
0.805	33245
0.811	33243
0.819	33244
0.829	33244
0.840	33247
0.849	33246
0.859	33246
0.869	33245
0.879	33244
0.890	33244
0.899	33246
0.911	33246
0.919	33246
0.929	33244
0.941	33246
0.949	33247
0.959	33247
0.969	33245
0.979	33246
0.989	33246
0.999	33245
1.009	33248
1.024	33246
1.029	33245
1.040	33246
1.052	33243
1.059	33245
1.069	33247
1.079	33245
1.090	33245
1.099	33243
1.109	33246
1.119	33248
1.129	33245
1.140	33247
1.149	33246
1.159	33245
1.169	33246
1.179	33248
1.190	33247
1.199	33249
1.209	33247
1.224	33246
1.229	33248
1.239	33245
1.249	33245
1.260	33246
1.269	33247
1.279	33249
1.290	33247
1.299	33245
1.318	33247
1.323	33246
1.329	33248
1.340	33246
1.349	33245
1.359	33248
1.370	33245
1.379	33245
1.390	33245
1.399	33246
1.413	33245
1.419	33248
1.429	33245
1.442	33245
1.449	33245
1.459	33246
1.469	33249
1.479	33246
1.490	33248
1.499	33247
1.509	33246
1.519	33246
1.542	33246
1.550	33245
1.559	33245
1.569	33245
1.579	33246
1.590	33246
1.599	33247
1.611	33247
1.619	33246
1.629	33246
1.640	33249
1.649	33247
1.659	33246
1.681	33246
1.690	33246
1.699	33246
1.757	33248
1.764	33247
1.782	33246
1.790	33244
1.799	33246
1.809	33248
1.819	33246
1.844	33247
1.849	33247
1.859	33248
1.876	33247
1.880	33247
1.890	33246
1.899	33248
1.909	33246
1.919	33247
1.936	33248
1.941	33248
1.949	33247
1.959	33246
1.969	33247
1.979	33245
1.989	33246
1.999	33244
2.009	33246
2.019	33247
2.034	33246
2.040	33245
2.050	33250
2.059	33247
2.069	33247
2.079	33246
2.091	33247
2.109	33247
2.115	33247
2.119	33244
2.129	33244
2.139	33245
2.149	33248
2.179	33244
2.182	33244
2.190	33248
2.199	33244
2.209	33248
2.219	33246
2.229	33247
2.240	33248
2.249	33246
2.259	33245
2.281	33244
2.290	33243
2.299	33246
2.309	33245
2.319	33245
2.329	33247
2.340	33245
2.349	33248
2.359	33246
2.369	33246
2.379	33247
2.389	33244
2.399	33245
2.418	33246
2.422	33247
2.429	33244
2.439	33246
2.449	33245
2.459	33246
2.469	33245
2.479	33246
2.496	33247
2.500	33245
2.509	33245
2.519	33244
2.529	33249
2.539	33246
2.549	33247
2.559	33247
2.570	33247
2.579	33249
2.590	33245
2.600	33249
2.612	33246
2.619	33244
2.629	33247
2.639	33245
2.649	33247
2.659	33247
2.669	33246
2.679	33247
2.689	33248
2.699	33243
2.709	33247
2.719	33246
2.729	33248
2.739	33245
2.749	33246
2.759	33245
2.769	33246
2.779	33245
2.796	33246
2.800	33248
2.809	33249
2.819	33248
2.829	33247
2.840	33247
2.855	33247
2.859	33247
2.869	33245
2.890	33247
2.904	33246
2.909	33243
2.919	33247
2.929	33246
2.939	33248
2.949	33246
2.961	33248
2.969	33247
2.979	33247
2.989	33246
2.999	33247
3.009	33248
3.019	33250
3.029	33250
3.039	33248
3.049	33247
3.059	33247
3.069	33247
3.079	33243
3.090	33246
3.100	33246
3.109	33247
3.119	33248
3.129	33249
3.139	33247
3.157	33246
3.160	33246
3.169	33249
3.180	33248
3.190	33248
3.199	33248
3.209	33248
3.219	33249
3.232	33249
3.239	33249
3.249	33250
3.259	33247
3.269	33248
3.279	33246
3.290	33249
3.299	33246
3.319	33248
3.326	33247
3.329	33246
3.339	33248
3.351	33249
3.359	33246
3.369	33247
3.379	33247
3.393	33248
3.400	33249
3.416	33248
3.419	33248
3.429	33247
3.440	33248
3.449	33249
3.459	33250
3.469	33249
3.479	33249
3.489	33246
3.499	33249
3.511	33248
3.519	33247
3.529	33249
3.540	33248
3.549	33247
3.559	33248
3.569	33247
3.579	33247
3.589	33247
3.599	33248
3.616	33250
3.625	33250
3.630	33247
3.639	33248
3.649	33247
3.659	33246
3.669	33248
3.679	33250
3.690	33248
3.699	33246
3.709	33248
3.719	33246
3.729	33249
3.740	33245
3.749	33252
3.759	33247
3.769	33246
3.779	33247
3.790	33249
3.799	33248
3.809	33246
3.819	33249
3.829	33245
3.840	33247
3.849	33247
3.859	33249
3.869	33245
3.879	33245
3.890	33247
3.899	33246
3.909	33247
3.919	33248
3.929	33248
3.940	33248
3.949	33247
3.959	33247
3.969	33249
3.981	33247
3.989	33247
4.006	33249
4.009	33247
4.021	33248
4.029	33247
4.039	33248
4.053	33246
4.059	33245
4.069	33245
4.079	33248
4.090	33245
4.099	33248
4.109	33247
4.119	33247
4.129	33247
4.139	33249
4.149	33247
4.159	33248
4.169	33248
4.181	33247
4.190	33247
4.199	33248
4.209	33246
4.219	33247
4.232	33246
4.240	33246
4.249	33248
4.260	33248
4.269	33248
4.279	33249
4.290	33246
4.299	33249
4.309	33248
4.319	33248
4.329	33247
4.340	33250
4.349	33249
4.359	33249
4.369	33246
4.379	33250
4.389	33245
4.399	33246
4.409	33248
4.419	33250
4.429	33247
4.440	33249
4.449	33250
4.459	33247
4.469	33246
4.479	33247
4.489	33246
4.499	33249
4.509	33248
4.519	33248
4.529	33246
4.539	33248
4.549	33248
4.559	33246
4.569	33251
4.579	33250
4.589	33247
4.599	33251
4.609	33248
4.619	33247
4.630	33246
4.639	33248
4.649	33248
4.659	33247
4.671	33246
4.679	33246
4.690	33247
4.699	33248
4.710	33249
4.719	33246
4.729	33246
4.739	33247
4.749	33246
4.760	33250
4.775	33249
4.779	33248
4.790	33251
4.799	33246
4.821	33249
4.834	33250
4.857	33250
4.862	33249
4.878	33248
4.890	33248
4.899	33247
4.909	33247
4.919	33246
4.929	33248
4.940	33247
4.950	33246
4.967	33247
4.970	33247
4.979	33247
4.991	33247
4.999	33245
5.009	33248
5.020	33249
5.029	33250
5.040	33248
5.049	33249
5.059	33250
5.069	33247
5.079	33247
5.089	33248
5.099	33247
5.109	33250
5.119	33246
5.129	33246
5.139	33244
5.149	33246
5.159	33248
5.169	33249
5.179	33251
5.190	33250
5.199	33249
5.209	33247
5.219	33248
5.229	33245
5.239	33244
5.249	33247
5.259	33248
5.269	33245
5.279	33251
5.296	33248
5.307	33247
5.311	33248
5.321	33249
5.372	33248
5.383	33250
5.390	33247
5.399	33248
5.409	33247
5.419	33248
5.429	33249
5.440	33249
5.454	33249
5.459	33248
5.469	33248
5.479	33248
5.493	33249
5.502	33246
5.515	33245
5.520	33246
5.530	33248
5.540	33247
5.549	33248
5.560	33246
5.569	33248
5.579	33249
5.590	33246
5.603	33248
5.611	33246
5.619	33249
5.629	33246
5.640	33245
5.649	33248
5.659	33247
5.669	33248
5.679	33247
5.689	33247
5.699	33249
5.709	33246
5.719	33246
5.729	33246
5.740	33246
5.749	33249
5.760	33250
5.769	33248
5.779	33246
5.791	33248
5.799	33247
5.809	33248
5.819	33246
5.829	33247
5.839	33247
5.854	33247
5.863	33251
5.869	33249
5.879	33248
5.891	33246
5.899	33247
5.909	33246
5.919	33246
5.929	33247
5.942	33248
5.949	33247
5.959	33247
5.970	33250
5.979	33250
5.989	33248
5.999	33249
6.009	33249
6.019	33250
6.029	33248
6.039	33248
6.049	33250
6.059	33245
6.069	33246
6.079	33246
6.089	33247
6.099	33248
6.109	33246
6.119	33249
6.132	33248
6.139	33249
6.149	33248
6.159	33247
6.172	33249
6.179	33247
6.190	33247
6.199	33250
6.209	33248
6.219	33248
6.232	33248
6.239	33248
6.249	33250
6.259	33249
6.269	33249
6.279	33244
6.289	33246
6.299	33248
6.309	33246
6.319	33249
6.329	33247
6.340	33249
6.349	33246
6.360	33249
6.371	33248
6.379	33248
6.389	33247
6.399	33248
6.409	33248
6.419	33249
6.429	33247
6.445	33248
6.452	33249
6.459	33248
6.469	33249
6.480	33247
6.490	33249
6.499	33247
6.509	33245
6.519	33246
6.529	33248
6.539	33247
6.549	33246
6.559	33247
6.570	33248
6.579	33247
6.590	33245
6.599	33247
6.609	33246
6.619	33250
6.630	33244
6.640	33243
6.649	33247
6.659	33248
6.669	33245
6.679	33246
6.689	33245
6.701	33247
6.709	33248
6.719	33249
6.729	33247
6.739	33248
6.749	33245
6.759	33247
6.769	33246
6.779	33245
6.789	33248
6.799	33248
6.809	33244
6.819	33246
6.829	33247
6.840	33248
6.849	33249
6.859	33249
6.869	33249
6.879	33249
6.890	33247
6.899	33248
6.909	33246
6.919	33247
6.929	33248
6.940	33245
6.950	33246
6.959	33247
6.969	33249
6.979	33246
6.990	33247
6.999	33250
7.009	33247
7.019	33248
7.029	33247
7.040	33247
7.049	33244
7.059	33249
7.071	33248
7.079	33245
7.090	33246
7.099	33248
7.109	33248
7.119	33248
7.129	33246
7.139	33248
7.149	33245
7.159	33247
7.169	33247
7.179	33247
7.189	33246
7.199	33249
7.209	33246
7.219	33249
7.234	33248
7.239	33246
7.249	33249
7.259	33247
7.269	33247
7.279	33247
7.291	33246
7.299	33247
7.309	33246
7.319	33248
7.329	33247
7.340	33245
7.349	33248
7.359	33247
7.369	33248
7.379	33249
7.389	33248
7.399	33247
7.409	33245
7.419	33246
7.431	33247
7.439	33245
7.449	33245
7.459	33245
7.469	33248
7.479	33246
7.490	33246
7.501	33248
7.509	33246
7.519	33247
7.529	33248
7.540	33247
7.549	33247
7.559	33246
7.569	33248
7.579	33247
7.590	33249
7.599	33247
7.609	33246
7.619	33247
7.629	33244
7.639	33249
7.649	33249
7.659	33248
7.669	33248
7.679	33249
7.689	33248
7.699	33250
7.709	33248
7.719	33248
7.729	33249
7.739	33247
7.749	33248
7.759	33247
7.773	33248
7.779	33247
7.789	33247
7.799	33248
7.809	33248
7.819	33250
7.829	33249
7.839	33247
7.849	33248
7.859	33248
7.869	33248
7.879	33248
7.890	33249
7.899	33248
7.909	33251
7.919	33248
7.929	33250
7.940	33245
7.949	33247
7.959	33250
7.969	33249
7.979	33249
7.990	33247
7.999	33249
8.009	33248
8.019	33245
8.029	33250
8.039	33251
8.049	33247
8.059	33250
8.069	33247
8.079	33249
8.089	33248
8.099	33251
8.112	33248
8.119	33246
8.129	33246
8.139	33250
8.149	33248
8.159	33246
8.169	33251
8.179	33250
8.191	33249
8.199	33246
8.209	33248
8.219	33248
8.229	33250
8.239	33248
8.249	33251
8.259	33249
8.269	33247
8.279	33249
8.290	33245
8.299	33248
8.309	33248
8.319	33247
8.329	33248
8.339	33249
8.349	33250
8.359	33248
8.369	33249
8.379	33248
8.390	33249
8.399	33250
8.409	33249
8.419	33248
8.429	33247
8.440	33247
8.449	33250
8.459	33248
8.469	33249
8.479	33251
8.490	33248
8.499	33248
8.509	33250
8.519	33248
8.529	33248
8.540	33249
8.549	33249
8.559	33248
8.569	33249
8.579	33249
8.589	33248
8.599	33248
8.609	33250
8.619	33249
8.629	33248
8.640	33251
8.651	33248
8.659	33247
8.669	33248
8.679	33247
8.689	33248
8.699	33246
8.709	33249
8.719	33246
8.730	33247
8.739	33247
8.749	33250
8.759	33248
8.769	33248
8.779	33248
8.790	33251
8.799	33248
8.812	33248
8.820	33248
8.829	33248
8.839	33250
8.849	33249
8.859	33245
8.869	33249
8.879	33249
8.890	33251
8.899	33247
8.909	33247
8.919	33247
8.929	33249
8.940	33250
8.949	33249
8.959	33248
8.969	33248
8.979	33250
8.989	33247
8.999	33250
9.009	33250
9.019	33248
9.029	33250
9.040	33251
9.049	33250
9.059	33249
9.069	33246
9.079	33249
9.089	33247
9.100	33250
9.109	33250
9.119	33252
9.129	33249
9.139	33250
9.149	33250
9.159	33249
9.169	33250
9.179	33249
9.189	33250
9.199	33249
9.209	33247
9.219	33247
9.229	33249
9.239	33248
9.249	33250
9.259	33249
9.269	33250
9.279	33249
9.289	33247
9.299	33251
9.309	33250
9.319	33249
9.329	33248
9.339	33249
9.349	33248
9.359	33249
9.369	33251
9.379	33249
9.390	33250
9.399	33248
9.409	33249
9.419	33252
9.429	33248
9.440	33251
9.449	33252
9.459	33248
9.469	33248
9.479	33246
9.489	33247
9.499	33249
9.509	33250
9.519	33249
9.529	33248
9.539	33248
9.549	33247
9.559	33247
9.569	33248
9.579	33248
9.590	33250
9.599	33247
9.609	33247
9.619	33248
9.629	33250
9.640	33249
9.649	33248
9.659	33250
9.669	33249
9.679	33251
9.689	33249
9.699	33247
9.709	33248
9.719	33247
9.729	33249
9.739	33248
9.750	33250
9.759	33249
9.770	33251
9.779	33249
9.790	33247
9.799	33250
9.809	33248
9.819	33249
9.829	33250
9.840	33248
9.849	33248
9.859	33248
9.869	33250
9.879	33247
9.889	33250
9.899	33249
9.909	33250
9.919	33249
9.929	33249
9.940	33248
9.949	33252
9.959	33249
9.969	33250
9.979	33249
9.990	33248
9.999	33247
10.009	33250
10.019	33250
10.029	33249
10.040	33249
10.049	33248
10.059	33246
10.069	33247
10.082	33247
10.089	33248
10.099	33249
10.109	33250
10.119	33252
10.129	33249
10.139	33252
10.149	33250
10.159	33249
10.169	33250
10.179	33247
10.190	33249
10.199	33248
10.209	33249
10.219	33251
10.229	33251
10.239	33248
10.249	33248
10.259	33247
10.269	33250
10.279	33245
10.289	33249
10.299	33250
10.309	33249
10.319	33251
10.329	33251
10.340	33252
10.351	33251
10.359	33248
10.369	33250
10.379	33248
10.390	33249
10.399	33250
10.409	33252
10.419	33251
10.429	33249
10.439	33251
10.449	33249
10.459	33251
10.469	33249
10.479	33250
10.490	33251
10.499	33248
10.509	33248
10.519	33249
10.530	33251
10.539	33249
10.549	33251
10.559	33250
10.569	33251
10.579	33251
10.590	33250
10.600	33253
10.609	33249
10.619	33249
10.629	33248
10.639	33252
10.649	33249
10.659	33249
10.669	33248
10.679	33248
10.689	33251
10.699	33249
10.709	33251
10.719	33249
10.729	33250
10.739	33249
10.749	33251
10.759	33250
10.769	33250
10.779	33250
10.790	33250
10.799	33250
10.809	33250
10.819	33251
10.829	33247
10.840	33249
10.850	33250
10.859	33248
10.869	33249
10.879	33250
10.890	33248
10.899	33249
10.909	33248
10.919	33249
10.929	33251
10.940	33250
10.949	33252
10.959	33247
10.969	33251
10.979	33248
10.989	33250
10.999	33250
11.009	33249
11.019	33249
11.029	33248
11.040	33252
11.049	33251
11.059	33253
11.071	33254
11.079	33248
11.090	33248
11.099	33247
11.110	33249
11.119	33249
11.129	33253
11.140	33248
11.149	33249
11.159	33249
11.169	33249
11.179	33251
11.190	33251
11.199	33248
11.209	33247
11.219	33250
11.229	33252
11.240	33248
11.249	33249
11.259	33249
11.270	33248
11.279	33251
11.289	33250
11.299	33247
11.309	33248
11.319	33249
11.329	33249
11.339	33251
11.349	33248
11.359	33249
11.369	33249
11.379	33251
11.389	33249
11.399	33249
11.409	33250
11.419	33249
11.429	33251
11.439	33252
11.449	33250
11.459	33248
11.469	33247
11.479	33250
11.489	33249
11.499	33250
11.509	33251
11.519	33251
11.529	33249
11.539	33250
11.549	33248
11.559	33248
11.569	33251
11.579	33248
11.590	33248
11.599	33248
11.610	33248
11.619	33249
11.630	33249
11.640	33247
11.652	33248
11.660	33250
11.669	33246
11.679	33248
11.690	33248
11.699	33247
11.709	33250
11.719	33246
11.729	33245
11.740	33249
11.749	33248
11.759	33248
11.769	33248
11.779	33248
11.790	33248
11.800	33248
11.809	33247
11.819	33249
11.829	33251
11.840	33250
11.849	33250
11.859	33251
11.869	33249
11.880	33250
11.889	33250
11.899	33252
11.909	33249
11.919	33250
11.929	33248
11.940	33248
11.949	33251
11.959	33253
11.969	33249
11.979	33249
11.990	33248
11.999	33247
12.009	33245
12.019	33246
12.029	33247
12.040	33248
12.049	33251
12.059	33249
12.069	33251
12.079	33249
12.089	33251
12.099	33248
12.109	33245
12.119	33248
12.129	33249
12.139	33249
12.149	33251
12.159	33250
12.169	33248
12.179	33245
12.190	33247
12.199	33245
12.209	33246
12.220	33250
12.229	33251
12.239	33253
12.249	33252
12.259	33254
12.269	33253
12.279	33246
12.311	33246
12.319	33245
12.329	33249
12.339	33250
12.349	33252
12.359	33253
12.369	33255
12.379	33251
12.390	33250
12.399	33248
12.409	33245
12.423	33246
12.429	33246
12.439	33248
12.449	33253
12.459	33252
12.469	33252
12.480	33253
12.489	33252
12.499	33254
12.509	33249
12.519	33246
12.529	33249
12.540	33248
12.549	33246
12.559	33250
12.569	33249
12.579	33251
12.590	33249
12.601	33248
12.609	33247
12.619	33247
12.630	33248
12.639	33248
12.649	33248
12.659	33249
12.669	33248
12.679	33248
12.691	33248
12.699	33247
12.709	33247
12.719	33248
12.729	33248
12.740	33251
12.749	33252
12.759	33249
12.769	33250
12.788	33248
12.799	33247
12.806	33248
12.810	33248
12.819	33248
12.829	33249
12.839	33249
12.849	33250
12.859	33249
12.870	33249
12.879	33249
12.891	33248
12.901	33248
12.909	33249
12.919	33250
12.931	33251
12.940	33250
12.949	33252
12.959	33251
12.969	33250
12.979	33249
12.990	33248
12.999	33250
13.009	33248
13.019	33249
13.029	33249
13.041	33247
13.049	33248
13.059	33250
13.069	33252
13.079	33249
13.089	33247
13.100	33250
13.109	33246
13.119	33249
13.129	33246
13.140	33247
13.150	33247
13.159	33251
13.169	33250
13.179	33251
13.189	33253
13.200	33253
13.209	33254
13.219	33250
13.231	33249
13.240	33248
13.249	33248
13.259	33245
13.269	33245
13.279	33245
13.289	33251
13.299	33251
13.309	33252
13.319	33252
13.329	33252
13.339	33251
13.349	33250
13.359	33246
13.369	33243
13.379	33246
13.389	33248
13.399	33248
13.409	33251
13.419	33255
13.429	33252
13.439	33252
13.449	33251
13.459	33250
13.469	33249
13.479	33247
13.489	33249
13.499	33249
13.509	33249
13.519	33252
13.529	33253
13.539	33253
13.549	33250
13.559	33250
13.569	33251
13.579	33251
13.589	33248
13.599	33247
13.609	33250
13.619	33249
13.629	33249
13.639	33249
13.649	33248
13.659	33249
13.669	33247
13.679	33252
13.689	33249
13.699	33251
13.709	33250
13.719	33247
13.729	33249
13.739	33250
13.749	33247
13.759	33249
13.769	33253
13.779	33250
13.789	33251
13.799	33252
13.812	33251
13.819	33248
13.829	33249
13.841	33248
13.849	33249
13.859	33250
13.869	33250
13.880	33250
13.890	33251
13.902	33252
13.909	33250
13.919	33250
13.929	33249
13.940	33250
13.949	33247
13.959	33247
13.969	33249
13.979	33249
13.989	33249
13.999	33251
14.009	33251
14.019	33252
14.029	33252
14.040	33251
14.054	33251
14.059	33249
14.069	33248
14.079	33250
14.089	33249
14.099	33250
14.109	33250
14.119	33250
14.138	33253
14.142	33252
14.152	33249
14.159	33249
14.169	33247
14.179	33249
14.189	33249
14.199	33248
14.209	33248
14.219	33249
14.229	33249
14.240	33250
14.249	33250
14.259	33251
14.271	33250
14.279	33251
14.290	33252
14.300	33250
14.319	33248
14.323	33249
14.329	33250
14.339	33249
14.349	33248
14.359	33252
14.369	33249
14.379	33249
14.390	33251
14.400	33252
14.409	33252
14.419	33252
14.429	33249
14.439	33247
14.449	33248
14.459	33247
14.469	33251
14.479	33252
14.489	33249
14.499	33253
14.509	33251
14.519	33251
14.529	33250
14.540	33252
14.549	33248
14.559	33249
14.572	33251
14.579	33250
14.589	33246
14.599	33249
14.609	33252
14.619	33250
14.630	33249
14.639	33249
14.649	33250
14.659	33253
14.669	33250
14.679	33250
14.689	33251
14.699	33249
14.711	33252
14.719	33254
14.729	33251
14.739	33251
14.749	33252
14.794	33250
14.809	33251
14.813	33251
14.832	33251
14.839	33249
14.860	33251
14.890	33249
14.902	33248
14.910	33251
14.919	33250
14.931	33250
14.943	33251
14.952	33249
14.967	33250
14.990	33250
14.999	33248
15.009	33250
15.019	33249
15.029	33248
15.041	33249
15.054	33249
15.065	33250
15.071	33248
15.079	33251
15.089	33252
15.099	33253
15.109	33249
15.119	33250
15.129	33249
15.140	33248
15.149	33249
15.159	33252
15.169	33251
15.179	33250
15.189	33251
15.199	33251
15.209	33251
15.219	33253
15.229	33251
15.240	33249
15.249	33249
15.259	33250
15.269	33251
15.279	33250
15.292	33251
15.299	33255
15.309	33251
15.319	33249
15.329	33250
15.340	33251
15.349	33250
15.359	33251
15.369	33249
15.379	33253
15.389	33249
15.399	33249
15.409	33250
15.419	33249
15.429	33250
15.440	33251
15.449	33248
15.459	33249
15.469	33249
15.484	33247
15.490	33251
15.499	33252
15.509	33249
15.519	33248
15.530	33248
15.540	33249
15.549	33251
15.559	33248
15.569	33252
15.579	33251
15.591	33252
15.601	33250
15.609	33252
15.619	33252
15.632	33251
15.639	33251
15.649	33251
15.659	33252
15.669	33249
15.679	33251
15.689	33249
15.699	33250
15.712	33251
15.719	33250
15.729	33254
15.739	33251
15.752	33249
15.759	33251
15.769	33249
15.779	33250
15.790	33253
15.799	33250
15.809	33251
15.819	33250
15.829	33249
15.840	33249
15.849	33250
15.859	33251
15.869	33251
15.879	33251
15.896	33249
15.903	33249
15.909	33250
15.919	33251
15.929	33250
15.939	33251
15.949	33253
15.959	33250
15.969	33247
15.979	33249
15.990	33250
15.999	33249
16.009	33250
16.019	33250
16.029	33251
16.040	33252
16.049	33251
16.059	33250
16.069	33250
16.079	33251
16.090	33247
16.099	33250
16.114	33248
16.119	33251
16.138	33250
16.144	33250
16.151	33251
16.159	33250
16.170	33253
16.181	33251
16.189	33248
16.199	33251
16.209	33253
16.219	33252
16.229	33251
16.239	33249
16.251	33249
16.259	33251
16.269	33252
16.279	33249
16.289	33250
16.299	33250
16.310	33252
16.319	33250
16.329	33250
16.339	33250
16.349	33252
16.359	33250
16.369	33251
16.379	33250
16.389	33251
16.399	33251
16.409	33250
16.419	33249
16.429	33250
16.439	33251
16.449	33250
16.459	33250
16.470	33250
16.479	33248
16.490	33251
16.499	33250
16.509	33249
16.519	33249
16.529	33251
16.544	33251
16.554	33251
16.559	33251
16.569	33253
16.616	33251
16.620	33249
16.629	33254
16.640	33251
16.649	33251
16.659	33251
16.676	33250
16.681	33250
16.689	33249
16.699	33249
16.709	33249
16.719	33248
16.729	33250
16.740	33251
16.749	33248
16.759	33249
16.769	33250
16.779	33247
16.790	33251
16.799	33252
16.809	33249
16.819	33248
16.829	33248
16.840	33249
16.870	33248
16.879	33250
16.890	33249
16.899	33247
16.909	33250
16.920	33249
16.929	33250
16.940	33250
16.950	33250
16.959	33248
16.969	33247
16.979	33248
16.990	33248
16.999	33249
17.009	33248
17.019	33247
17.029	33250
17.039	33250
17.049	33251
17.059	33248
17.069	33251
17.079	33247
17.090	33251
17.099	33249
17.109	33248
17.119	33250
17.129	33251
17.140	33250
17.156	33249
17.159	33248
17.169	33249
17.179	33248
17.193	33250
17.199	33249
17.209	33250
17.219	33250
17.229	33250
17.239	33250
17.249	33249
17.259	33251
17.269	33250
17.279	33248
17.290	33248
17.299	33249
17.309	33249
17.319	33250
17.329	33250
17.339	33250
17.349	33251
17.359	33249
17.369	33249
17.379	33250
17.390	33251
17.399	33249
17.409	33250
17.419	33249
17.431	33249
17.440	33251
17.449	33249
17.459	33251
17.469	33252
17.479	33249
17.489	33251
17.499	33247
17.509	33251
17.519	33251
17.529	33251
17.539	33249
17.549	33251
17.559	33250
17.571	33250
17.579	33248
17.589	33250
17.599	33251
17.609	33251
17.619	33249
17.629	33250
17.640	33251
17.653	33251
17.659	33250
17.671	33249
17.681	33253
17.689	33250
17.699	33248
17.709	33253
17.719	33251
17.729	33249
17.739	33250
17.753	33249
17.759	33250
17.773	33249
17.779	33251
17.789	33250
17.799	33248
17.817	33247
17.820	33248
17.829	33249
17.839	33249
17.849	33249
17.859	33247
17.869	33250
17.879	33250
17.890	33252
17.899	33248
17.912	33249
17.919	33250
17.929	33248
17.940	33250
17.949	33248
17.959	33249
17.969	33252
17.979	33250
17.990	33250
17.999	33252
18.010	33250
18.019	33249
18.029	33251
18.040	33247
18.049	33249
18.059	33251
18.069	33246
18.079	33249
18.090	33250
18.099	33247
18.109	33249
18.119	33250
18.129	33251
18.140	33251
18.149	33249
18.159	33247
18.169	33249
18.179	33252
18.189	33251
18.199	33252
18.209	33251
18.219	33250
18.229	33247
18.239	33247
18.249	33246
18.259	33251
18.269	33251
18.279	33249
18.290	33252
18.299	33249
18.309	33252
18.319	33252
18.329	33250
18.339	33250
18.349	33255
18.359	33253
18.369	33252
18.379	33252
18.389	33250
18.399	33251
18.409	33248
18.419	33251
18.432	33249
18.439	33250
18.449	33249
18.459	33252
18.469	33249
18.479	33250
18.489	33251
18.499	33248
18.509	33249
18.519	33248
18.529	33248
18.540	33252
18.549	33253
18.559	33253
18.569	33248
18.579	33250
18.589	33251
18.599	33248
18.609	33252
18.619	33250
18.629	33251
18.639	33252
18.649	33250
18.659	33251
18.669	33251
18.683	33249
18.692	33253
18.700	33252
18.709	33248
18.719	33250
18.729	33250
18.739	33247
18.749	33248
18.759	33249
18.770	33250
18.779	33248
18.790	33251
18.799	33249
18.809	33249
18.819	33247
18.829	33247
18.839	33248
18.849	33245
18.859	33250
18.875	33247
18.882	33251
18.889	33250
18.899	33250
18.911	33250
18.920	33248
18.930	33248
18.939	33249
18.949	33250
18.959	33251
18.976	33251
18.979	33250
18.990	33249
18.999	33250
19.009	33251
19.019	33248
19.032	33251
19.039	33251
19.049	33249
19.059	33250
19.069	33249
19.079	33249
19.090	33251
19.099	33251
19.109	33250
19.119	33250
19.129	33250
19.139	33246
19.149	33249
19.159	33250
19.173	33252
19.179	33252
19.189	33252
19.199	33251
19.209	33252
19.219	33250
19.229	33251
19.240	33250
19.249	33251
19.259	33250
19.269	33250
19.279	33250
19.289	33251
19.299	33252
19.309	33249
19.319	33248
19.329	33252
19.339	33252
19.349	33248
19.359	33250
19.369	33251
19.379	33250
19.389	33250
19.399	33254
19.411	33253
19.419	33249
19.429	33249
19.440	33249
19.449	33250
19.459	33248
19.469	33252
19.479	33251
19.489	33248
19.499	33250
19.509	33247
19.519	33247
19.529	33249
19.540	33249
19.549	33250
19.562	33250
19.569	33249
19.579	33250
19.589	33248
19.599	33247
19.609	33250
19.622	33249
19.629	33251
19.640	33250
19.654	33249
19.663	33247
19.671	33251
19.679	33249
19.690	33248
19.699	33251
19.710	33250
19.719	33252
19.729	33253
19.739	33250
19.749	33247
19.759	33250
19.773	33251
19.779	33248
19.789	33250
19.799	33252
19.809	33250
19.819	33249
19.829	33248
19.839	33252
19.850	33251
19.859	33248
19.872	33250
19.879	33251
19.890	33249
19.899	33251
19.909	33248
19.919	33248
19.929	33249
19.939	33251
19.949	33250
19.959	33249
19.969	33252
19.980	33252
19.989	33249
19.999	33249
20.009	33252
20.021	33252
20.029	33250
20.040	33251
20.049	33251
20.059	33248
20.070	33252
20.079	33252
20.092	33252
20.099	33250
20.109	33249
20.119	33253
20.129	33252
20.139	33252
20.149	33252
20.159	33250
20.169	33249
20.179	33251
20.189	33251
20.199	33251
20.209	33253
20.219	33252
20.229	33251
20.240	33251
20.249	33250
20.259	33250
20.269	33251
20.279	33251
20.290	33249
20.299	33251
20.309	33252
20.319	33250
20.329	33252
20.339	33249
20.349	33250
20.359	33250
20.369	33250
20.379	33252
20.389	33251
20.399	33253
20.409	33253
20.419	33252
20.429	33250
20.439	33252
20.449	33252
20.459	33250
20.471	33252
20.479	33249
20.489	33253
20.499	33250
20.512	33252
20.519	33251
20.529	33247
20.539	33249
20.549	33250
20.559	33251
20.570	33252
20.582	33251
20.589	33251
20.599	33250
20.609	33250
20.619	33253
20.630	33251
20.640	33251
20.649	33253
20.659	33253
20.669	33253
20.679	33249
20.694	33250
20.710	33249
20.719	33252
20.729	33252
20.739	33251
20.749	33252
20.759	33251
20.769	33253
20.779	33249
20.792	33251
20.811	33252
20.820	33255
20.834	33254
20.841	33255
20.849	33246
20.859	33244
20.869	33245
20.879	33247
20.890	33255
20.899	33256
20.909	33252
20.919	33253
20.929	33255
20.939	33252
20.949	33252
20.959	33246
20.969	33241
20.979	33241
20.989	33243
20.999	33255
21.010	33259
21.019	33260
21.029	33256
21.040	33252
21.049	33248
21.059	33248
21.069	33245
21.079	33244
21.089	33245
21.099	33247
21.109	33251
21.119	33256
21.129	33259
21.140	33259
21.149	33252
21.159	33249
21.169	33244
21.179	33248
21.189	33248
21.199	33247
21.209	33251
21.219	33254
21.229	33252
21.240	33253
21.249	33251
21.259	33249
21.269	33250
21.279	33250
21.289	33251
21.299	33253
21.309	33252
21.319	33249
21.329	33254
21.339	33250
21.349	33250
21.359	33251
21.369	33249
21.379	33250
21.390	33252
21.399	33251
21.409	33253
21.419	33251
21.429	33251
21.439	33249
21.449	33251
21.459	33251
21.469	33249
21.479	33248
21.490	33250
21.499	33253
21.510	33253
21.519	33257
21.529	33252
21.540	33250
21.549	33251
21.559	33245
21.569	33246
21.579	33249
21.589	33249
21.599	33249
21.609	33252
21.619	33252
21.629	33254
21.639	33251
21.649	33250
21.659	33248
21.669	33251
21.679	33250
21.689	33250
21.699	33251
21.709	33252
21.719	33253
21.729	33252
21.739	33251
21.749	33251
21.759	33247
21.769	33249
21.779	33246
21.789	33250
21.800	33249
21.809	33251
21.819	33251
21.830	33251
21.839	33251
21.849	33250
21.859	33248
21.869	33251
21.879	33250
21.889	33251
21.900	33251
21.909	33251
21.919	33253
21.929	33251
21.940	33250
21.950	33251
21.959	33250
21.969	33252
21.979	33249
21.989	33248
21.999	33252
22.009	33252
22.019	33249
22.029	33250
22.040	33250
22.049	33251
22.059	33250
22.069	33251
22.079	33251
22.090	33250
22.099	33249
22.109	33253
22.119	33248
22.129	33252
22.140	33251
22.149	33250
22.159	33249
22.169	33251
22.179	33250
22.190	33254
22.199	33251
22.209	33252
22.219	33252
22.232	33251
22.240	33250
22.249	33250
22.259	33248
22.269	33249
22.279	33250
22.289	33250
22.299	33249
22.309	33253
22.319	33250
22.329	33250
22.339	33250
22.349	33249
22.359	33249
22.369	33248
22.379	33251
22.389	33253
22.399	33252
22.409	33251
22.419	33249
22.429	33250
22.439	33251
22.449	33250
22.459	33250
22.469	33249
22.479	33252
22.489	33253
22.499	33252
22.509	33252
22.519	33251
22.530	33252
22.540	33249
22.549	33250
22.559	33251
22.569	33253
22.579	33250
22.608	33252
22.616	33255
22.620	33249
22.629	33251
22.639	33249
22.649	33251
22.659	33250
22.669	33250
22.679	33252
22.689	33252
22.699	33249
22.711	33253
22.721	33254
22.729	33251
22.740	33251
22.750	33250
22.760	33250
22.770	33249
22.780	33253
22.790	33249
22.802	33251
22.809	33247
22.819	33251
22.829	33253
22.839	33253
22.850	33252
22.859	33252
22.869	33252
22.879	33253
22.889	33253
22.899	33248
22.909	33248
22.919	33247
22.929	33251
22.940	33250
22.950	33252
22.959	33254
22.969	33250
22.979	33252
22.989	33253
22.999	33252
23.009	33251
23.019	33249
23.029	33249
23.039	33249
23.049	33250
23.059	33252
23.069	33249
23.079	33254
23.090	33250
23.099	33252
23.109	33249
23.119	33254
23.129	33252
23.140	33251
23.149	33250
23.159	33250
23.169	33252
23.179	33252
23.190	33253
23.199	33250
23.209	33251
23.219	33249
23.229	33251
23.241	33250
23.249	33252
23.259	33254
23.269	33251
23.279	33251
23.289	33254
23.299	33251
23.309	33249
23.319	33250
23.330	33250
23.340	33251
23.353	33249
23.363	33251
23.369	33251
23.379	33252
23.389	33251
23.399	33254
23.409	33252
23.419	33249
23.429	33247
23.439	33249
23.451	33250
23.459	33251
23.469	33252
23.479	33252
23.489	33254
23.499	33251
23.509	33253
23.519	33253
23.529	33252
23.539	33253
23.549	33250
23.559	33250
23.569	33251
23.579	33252
23.589	33252
23.599	33253
23.609	33252
23.619	33252
23.629	33250
23.640	33252
23.649	33250
23.659	33254
23.674	33250
23.679	33252
23.689	33250
23.699	33253
23.709	33253
23.719	33251
23.729	33253
23.739	33255
23.749	33252
23.764	33252
23.770	33250
23.779	33254
23.789	33253
23.799	33251
23.809	33250
23.819	33251
23.829	33253
23.839	33251
23.852	33251
23.859	33249
23.869	33251
23.879	33250
23.889	33253
23.899	33253
23.909	33253
23.919	33254
23.929	33252
23.939	33251
23.949	33251
23.959	33247
23.969	33247
23.979	33247
23.989	33249
23.999	33254
24.009	33254
24.019	33253
24.029	33253
24.040	33251
24.049	33250
24.059	33248
24.069	33251
24.079	33250
24.090	33250
24.099	33250
24.109	33251
24.119	33250
24.129	33249
24.139	33250
24.149	33251
24.159	33253
24.169	33253
24.179	33256
24.190	33252
24.199	33249
24.209	33249
24.219	33245
24.229	33248
24.239	33247
24.249	33252
24.259	33253
24.274	33255
24.279	33260
24.290	33254
24.299	33254
24.309	33253
24.319	33249
24.329	33246
24.339	33242
24.349	33246
24.359	33251
24.370	33256
24.379	33260
24.394	33261
24.399	33262
24.409	33257
24.419	33252
24.429	33248
24.439	33246
24.457	33246
24.464	33246
24.469	33251
24.479	33255
24.490	33258
24.499	33256
24.509	33256
24.519	33257
24.529	33254
24.539	33250
24.549	33250
24.559	33249
24.569	33250
24.579	33249
24.589	33250
24.599	33249
24.609	33254
24.619	33255
24.630	33255
24.640	33254
24.649	33251
24.659	33251
24.669	33253
24.679	33249
24.690	33247
24.699	33246
24.709	33250
24.719	33252
24.729	33253
24.739	33257
24.749	33256
24.759	33254
24.769	33254
24.779	33250
24.790	33247
24.799	33251
24.830	33253
24.840	33252
24.865	33250
24.873	33245
24.888	33246
24.900	33248
24.909	33246
24.919	33249
24.929	33253
24.946	33251
24.970	33249
24.980	33248
24.989	33248
24.999	33245
25.009	33252
25.020	33254
25.029	33251
25.040	33253
25.049	33251
25.060	33251
25.069	33256
25.079	33249
25.094	33251
25.099	33252
25.109	33250
25.119	33251
25.130	33246
25.144	33247
25.149	33248
25.159	33248
25.169	33254
25.179	33254
25.190	33251
25.213	33254
25.219	33254
25.229	33251
25.240	33251
25.249	33247
25.259	33251
25.269	33252
25.279	33252
25.292	33252
25.300	33253
25.309	33248
25.319	33251
25.329	33250
25.339	33253
25.349	33252
25.359	33251
25.369	33253
25.379	33255
25.396	33255
25.399	33254
25.409	33253
25.419	33251
25.429	33247
25.439	33248
25.449	33249
25.459	33252
25.469	33254
25.479	33258
25.490	33257
25.499	33253
25.509	33250
25.519	33247
25.529	33247
25.539	33248
25.549	33250
25.559	33254
25.569	33257
25.579	33257
25.589	33256
25.599	33258
25.609	33255
25.619	33251
25.630	33248
25.640	33248
25.649	33248
25.659	33251
25.669	33250
25.679	33252
25.689	33255
25.699	33255
25.709	33257
25.719	33255
25.729	33254
25.739	33253
25.749	33253
25.759	33249
25.769	33243
25.779	33245
25.789	33244
25.799	33250
25.809	33255
25.819	33258
25.829	33261
25.839	33260
25.849	33259
25.859	33254
25.869	33247
25.879	33243
25.889	33246
25.899	33242
25.909	33253
25.920	33252
25.929	33253
25.940	33260
25.949	33259
25.961	33256
25.971	33257
25.979	33254
25.991	33249
25.999	33245
26.009	33240
26.019	33248
26.031	33250
26.039	33251
26.049	33261
26.059	33261
26.069	33263
26.079	33259
26.090	33255
26.099	33252
26.109	33247
26.119	33246
26.129	33249
26.139	33250
26.149	33249
26.159	33250
26.169	33257
26.179	33258
26.191	33258
26.199	33256
26.209	33256
26.219	33254
26.230	33254
26.240	33250
26.249	33247
26.259	33250
26.269	33248
26.279	33250
26.289	33250
26.299	33255
26.309	33250
26.319	33255
26.329	33255
26.340	33254
26.349	33254
26.359	33252
26.369	33253
26.379	33250
26.389	33248
26.399	33253
26.409	33250
26.419	33252
26.429	33250
26.439	33247
26.449	33248
26.459	33250
26.469	33251
26.479	33250
26.489	33251
26.499	33253
26.510	33252
26.519	33257
26.529	33256
26.539	33253
26.550	33253
26.559	33247
26.569	33247
26.579	33246
26.590	33245
26.599	33245
26.609	33248
26.619	33251
26.629	33258
26.640	33259
26.649	33257
26.659	33253
26.669	33251
26.679	33243
26.689	33244
26.699	33247
26.712	33247
26.719	33251
26.729	33253
26.740	33255
26.749	33257
26.759	33260
26.769	33256
26.779	33254
26.789	33249
26.799	33246
26.809	33247
26.819	33248
26.829	33250
26.840	33250
26.849	33255
26.859	33255
26.869	33255
26.879	33254
26.889	33253
26.899	33251
26.909	33250
26.919	33252
26.929	33250
26.939	33252
26.949	33250
26.959	33254
26.969	33251
26.979	33252
26.990	33254
26.999	33249
27.009	33251
27.019	33252
27.029	33253
27.040	33254
27.049	33253
27.059	33250
27.069	33251
27.079	33250
27.090	33250
27.099	33251
27.109	33253
27.119	33251
27.129	33254
27.139	33254
27.149	33256
27.159	33252
27.169	33249
27.179	33249
27.190	33250
27.199	33249
27.209	33247
27.219	33251
27.229	33254
27.240	33256
27.249	33253
27.259	33254
27.269	33252
27.279	33249
27.289	33249
27.300	33251
27.309	33253
27.319	33252
27.329	33252
27.340	33253
27.349	33254
27.361	33255
27.369	33252
27.381	33254
27.389	33252
27.399	33250
27.409	33250
27.419	33250
27.429	33251
27.439	33253
27.452	33253
27.459	33252
27.469	33252
27.479	33253
27.489	33251
27.499	33250
27.509	33253
27.519	33253
27.534	33252
27.539	33249
27.549	33249
27.559	33250
27.569	33250
27.579	33249
27.590	33250
27.599	33250
27.609	33250
27.620	33254
27.631	33252
27.639	33252
27.649	33249
27.659	33251
27.669	33249
27.679	33250
27.690	33250
27.700	33253
27.709	33253
27.719	33252
27.729	33253
27.739	33253
27.749	33249
27.759	33248
27.769	33251
27.779	33247
27.789	33250
27.799	33252
27.809	33251
27.819	33253
27.829	33254
27.839	33254
27.849	33253
27.859	33252
27.869	33251
27.879	33250
27.889	33252
27.899	33251
27.912	33251
27.919	33252
27.929	33252
27.943	33250
27.955	33251
27.960	33250
27.970	33250
27.979	33249
27.990	33250
27.999	33248
28.017	33247
28.024	33249
28.042	33248
28.049	33252
28.059	33252
28.069	33251
28.079	33249
28.090	33252
28.099	33253
28.115	33251
28.127	33251
28.133	33252
28.139	33250
28.149	33252
28.159	33250
28.169	33251
28.182	33250
28.193	33253
28.202	33249
28.219	33251
28.226	33249
28.229	33250
28.240	33253
28.249	33252
28.259	33254
28.274	33252
28.294	33253
28.300	33249
28.317	33249
28.325	33250
28.336	33250
28.354	33255
28.367	33257
28.378	33257
28.388	33255
28.395	33251
28.403	33249
28.417	33251
28.424	33247
28.429	33250
28.455	33254
28.481	33255
28.493	33254
28.500	33253
28.509	33246
28.529	33249
28.547	33254
28.582	33251
28.606	33249
28.625	33253
28.680	33254
28.692	33249
28.704	33248
28.714	33251
28.728	33253
28.746	33256
28.762	33253
28.783	33248
28.810	33247
28.827	33253
28.848	33256
28.858	33257
28.861	33258
28.869	33255
28.879	33252
28.890	33254
28.899	33248
28.917	33246
28.926	33245
28.931	33248
28.940	33250
28.949	33252
28.959	33257
28.969	33250
28.994	33249
29.003	33249
29.012	33248
29.019	33250
29.029	33248
29.039	33249
29.049	33250
29.059	33254
29.069	33253
29.079	33256
29.090	33254
29.099	33252
29.109	33252
29.119	33252
29.129	33251
29.140	33245
29.149	33247
29.159	33252
29.169	33252
29.179	33254
29.190	33256
29.199	33257
29.210	33256
29.219	33253
29.229	33247
29.240	33245
29.250	33247
29.263	33250
29.276	33253
29.280	33257
29.291	33256
29.301	33259
29.311	33257
29.319	33257
29.329	33251
29.339	33246
29.349	33244
29.359	33245
29.369	33251
29.384	33255
29.393	33256
29.399	33257
29.409	33258
29.419	33255
29.429	33251
29.439	33247
29.449	33248
29.459	33249
29.470	33248
29.484	33253
29.498	33253
29.521	33251
29.534	33246
29.554	33254
29.596	33248
29.623	33247
29.629	33247
29.639	33250
29.649	33248
29.659	33254
29.674	33254
29.679	33252
29.689	33252
29.699	33249
29.721	33246
29.766	33252
29.801	33249
29.838	33247
29.844	33245
29.850	33246
29.859	33247
29.869	33251
29.879	33256
29.897	33251
29.915	33248
29.930	33250
29.939	33247
29.949	33249
29.959	33250
29.973	33254
30.008	33248
30.041	33248
30.060	33252
30.076	33253
30.094	33252
30.114	33251
30.119	33249
30.129	33249
30.139	33249
30.149	33255
30.187	33252
30.205	33250
30.209	33250
30.219	33250
30.229	33251
30.241	33249
30.249	33249
30.270	33252
30.280	33254
30.300	33256
30.309	33252
30.324	33251
30.338	33249
30.345	33250
30.354	33255
30.374	33253
30.379	33251
30.399	33252
30.409	33251
30.419	33249
30.429	33250
30.447	33250
30.452	33252
30.465	33250
30.473	33250
30.479	33253
30.490	33250
30.505	33252
30.520	33249
30.532	33248
30.548	33251
30.559	33253
30.569	33252
30.591	33250
30.607	33251
30.620	33253
30.631	33255
30.639	33251
30.650	33252
30.659	33253
30.669	33249
30.679	33252
30.695	33253
30.700	33253
30.709	33250
30.719	33249
30.729	33246
30.739	33251
30.749	33253
30.759	33255
30.769	33252
30.779	33252
30.790	33251
30.799	33252
30.809	33251
30.819	33250
30.831	33248
30.840	33251
30.849	33251
30.859	33254
30.869	33251
30.879	33252
30.897	33249
30.915	33250
30.933	33250
30.941	33250
30.949	33252
30.959	33253
30.969	33252
30.979	33252
30.989	33253
30.999	33253
31.009	33252
31.019	33250
31.030	33251
31.039	33250
31.050	33251
31.059	33252
31.069	33253
31.079	33254
31.089	33252
31.099	33250
31.109	33250
31.119	33252
31.129	33250
31.140	33251
31.149	33251
31.159	33252
31.169	33254
31.179	33252
31.190	33252
31.199	33251
31.209	33251
31.219	33250
31.229	33251
31.240	33250
31.249	33251
31.259	33251
31.269	33252
31.279	33252
31.290	33251
31.299	33252
31.309	33249
31.325	33250
31.330	33252
31.340	33250
31.349	33251
31.359	33252
31.369	33253
31.379	33254
31.389	33251
31.399	33249
31.409	33251
31.430	33253
31.439	33251
31.454	33251
31.464	33249
31.469	33250
31.479	33251
31.489	33253
31.499	33250
31.517	33250
31.533	33249
31.550	33250
31.560	33252
31.575	33251
31.592	33251
31.600	33252
31.609	33249
31.619	33251
31.629	33251
31.639	33251
31.649	33253
31.659	33249
31.669	33250
31.679	33249
31.690	33249
31.699	33252
31.709	33252
31.719	33251
31.729	33251
31.739	33251
31.749	33250
31.759	33251
31.769	33250
31.779	33250
31.789	33251
31.799	33253
31.809	33250
31.819	33250
31.829	33249
31.839	33253
31.849	33249
31.859	33251
31.877	33250
31.879	33252
31.892	33249
31.899	33251
31.915	33250
31.919	33251
31.929	33252
31.939	33250
31.949	33251
31.959	33251
31.969	33252
31.979	33250
31.990	33251
31.999	33249
32.009	33251
32.019	33251
32.032	33251
32.039	33252
32.049	33251
32.059	33249
32.069	33252
32.079	33248
32.090	33249
32.099	33253
32.109	33251
32.119	33248
32.129	33252
32.140	33251
32.149	33253
32.159	33252
32.169	33250
32.179	33249
32.189	33249
32.199	33250
32.210	33249
32.219	33250
32.229	33251
32.239	33254
32.249	33249
32.259	33253
32.269	33253
32.279	33250
32.290	33253
32.299	33252
32.309	33250
32.319	33250
32.330	33250
32.340	33250
32.353	33251
32.359	33250
32.369	33250
32.380	33251
32.389	33249
32.399	33249
32.409	33249
32.419	33252
32.429	33250
32.439	33251
32.449	33251
32.459	33252
32.469	33253
32.479	33251
32.492	33251
32.499	33250
32.509	33252
32.519	33251
32.533	33250
32.539	33250
32.549	33249
32.559	33253
32.569	33249
32.579	33251
32.589	33252
32.599	33252
32.609	33249
32.619	33251
32.629	33253
32.639	33251
32.649	33253
32.659	33251
32.669	33252
32.679	33249
32.689	33250
32.699	33251
32.713	33253
32.723	33253
32.729	33252
32.739	33250
32.749	33249
32.761	33253
32.780	33253
32.796	33250
32.800	33250
32.809	33251
32.819	33253
32.829	33250
32.848	33251
32.859	33253
32.862	33252
32.869	33252
32.879	33249
32.889	33251
32.899	33248
32.909	33250
32.919	33252
32.929	33251
32.942	33251
32.958	33249
32.968	33248
32.975	33250
32.979	33250
32.989	33250
32.999	33251
33.009	33252
33.019	33250
33.029	33250
33.040	33251
33.049	33251
33.059	33250
33.069	33252
33.079	33250
33.089	33251
33.099	33250
33.109	33250
33.120	33252
33.129	33253
33.139	33252
33.149	33253
33.159	33251
33.169	33249
33.179	33252
33.190	33251
33.199	33251
33.209	33252
33.219	33251
33.229	33250
33.239	33252
33.249	33252
33.259	33248
33.269	33248
33.279	33250
33.290	33251
33.299	33250
33.309	33250
33.319	33252
33.329	33252
33.339	33253
33.349	33253
33.359	33251
33.370	33249
33.379	33250
33.390	33249
33.399	33249
33.409	33247
33.419	33251
33.429	33252
33.439	33252
33.449	33254
33.459	33253
33.469	33251
33.479	33253
33.489	33251
33.499	33251
33.509	33251
33.519	33248
33.529	33249
33.539	33252
33.549	33251
33.559	33252
33.569	33253
33.579	33253
33.589	33252
33.599	33248
33.610	33249
33.619	33249
33.629	33249
33.640	33250
33.649	33252
33.659	33252
33.669	33253
33.679	33252
33.689	33253
33.699	33250
33.709	33251
33.719	33250
33.729	33250
33.739	33251
33.749	33251
33.759	33251
33.769	33253
33.779	33251
33.789	33253
33.799	33252
33.809	33254
33.819	33247
33.829	33250
33.839	33252
33.849	33251
33.869	33251
33.874	33250
33.883	33251
33.889	33251
33.899	33248
33.909	33251
33.919	33251
33.929	33251
33.940	33251
33.961	33249
33.971	33250
33.979	33251
33.989	33251
33.999	33249
34.009	33250
34.019	33251
34.035	33252
34.039	33251
34.050	33252
34.059	33251
34.069	33250
34.079	33251
34.089	33247
34.124	33250
34.130	33249
34.140	33249
34.165	33251
34.169	33251
34.179	33250
34.189	33249
34.199	33252
34.212	33248
34.228	33250
34.233	33249
34.240	33251
34.268	33250
34.283	33251
34.289	33250
34.299	33252
34.309	33253
34.319	33251
34.332	33249
34.339	33251
34.349	33250
34.359	33249
34.369	33249
34.379	33248
34.390	33250
34.399	33249
34.411	33250
34.419	33250
34.429	33250
34.439	33253
34.449	33252
34.459	33250
34.469	33248
34.479	33251
34.489	33255
34.499	33252
34.509	33252
34.519	33252
34.529	33252
34.539	33253
34.549	33253
34.559	33250
34.569	33249
34.579	33250
34.589	33253
34.599	33252
34.609	33250
34.622	33249
34.638	33249
34.665	33251
34.677	33252
34.702	33250
34.710	33254
34.743	33251
34.751	33250
34.760	33252
34.781	33249
34.790	33251
34.799	33251
34.809	33250
34.819	33250
34.829	33251
34.840	33249
34.854	33251
34.866	33251
34.874	33256
34.894	33251
34.906	33251
34.915	33250
34.924	33251
34.931	33252
34.941	33251
34.949	33250
34.959	33250
34.970	33251
34.980	33251
34.989	33251
34.999	33252
35.009	33251
35.019	33252
35.030	33253
35.039	33251
35.049	33251
35.059	33250
35.069	33252
35.079	33251
35.090	33253
35.099	33253
35.109	33250
35.119	33255
35.129	33251
35.139	33249
35.149	33248
35.159	33253
35.169	33251
35.179	33251
35.190	33250
35.199	33254
35.209	33254
35.219	33251
35.229	33253
35.239	33249
35.249	33252
35.259	33250
35.269	33251
35.279	33251
35.290	33252
35.299	33250
35.309	33252
35.319	33250
35.329	33250
35.340	33252
35.349	33250
35.359	33253
35.380	33252
35.389	33251
35.399	33251
35.409	33249
35.419	33249
35.429	33250
35.440	33249
35.449	33251
35.464	33252
35.485	33250
35.490	33251
35.499	33251
35.509	33251
35.519	33252
35.529	33250
35.539	33252
35.556	33248
35.560	33249
35.569	33250
35.579	33251
35.590	33253
35.599	33252
35.609	33251
35.619	33253
35.629	33254
35.639	33252
35.649	33252
35.659	33253
35.669	33252
35.679	33250
35.689	33251
35.699	33252
35.709	33253
35.719	33255
35.729	33252
35.739	33253
35.749	33251
35.759	33251
35.769	33250
35.779	33251
35.789	33252
35.799	33253
35.809	33252
35.819	33253
35.829	33253
35.839	33253
35.849	33255
35.859	33250
35.869	33252
35.879	33250
35.890	33251
35.899	33251
35.912	33252
35.919	33251
35.929	33253
35.940	33255
35.949	33251
35.959	33249
35.969	33252
35.979	33250
35.989	33250
35.999	33249
36.009	33250
36.019	33253
36.029	33252
36.039	33249
36.049	33250
36.059	33250
36.069	33249
36.079	33251
36.090	33251
36.099	33251
36.109	33253
36.119	33251
36.130	33252
36.141	33251
36.149	33251
36.159	33252
36.169	33253
36.179	33251
36.189	33254
36.203	33252
36.209	33251
36.219	33252
36.229	33253
36.239	33252
36.250	33251
36.259	33252
36.271	33251
36.279	33251
36.289	33252
36.299	33252
36.309	33252
36.319	33252
36.329	33251
36.340	33250
36.349	33251
36.359	33251
36.369	33252
36.379	33253
36.390	33252
36.399	33252
36.409	33249
36.419	33252
36.429	33251
36.440	33252
36.449	33253
36.459	33251
36.469	33251
36.479	33249
36.489	33252
36.499	33251
36.510	33250
36.519	33249
36.529	33251
36.539	33252
36.549	33251
36.569	33253
36.579	33250
36.589	33251
36.600	33250
36.613	33252
36.619	33252
36.629	33251
36.639	33252
36.649	33250
36.659	33252
36.669	33251
36.679	33249
36.692	33253
36.699	33252
36.709	33252
36.719	33249
36.729	33249
36.740	33252
36.749	33252
36.759	33251
36.769	33249
36.779	33251
36.789	33250
36.799	33251
36.809	33250
36.819	33251
36.829	33251
36.840	33252
36.849	33251
36.859	33253
36.869	33248
36.879	33250
36.889	33253
36.899	33252
36.910	33253
36.919	33251
36.929	33254
36.939	33250
36.949	33250
36.959	33253
36.969	33251
36.979	33251
36.990	33250
36.999	33251
37.009	33251
37.019	33251
37.029	33250
37.040	33251
37.049	33249
37.059	33254
37.069	33250
37.087	33251
37.091	33254
37.104	33252
37.109	33250
37.119	33250
37.129	33251
37.139	33251
37.149	33250
37.160	33253
37.169	33251
37.179	33249
37.190	33252
37.199	33250
37.209	33252
37.219	33250
37.229	33249
37.240	33249
37.249	33250
37.259	33250
37.269	33246
37.279	33249
37.289	33251
37.299	33250
37.309	33253
37.319	33250
37.329	33248
37.339	33252
37.349	33249
37.359	33253
37.370	33249
37.379	33252
37.390	33249
37.399	33252
37.409	33250
37.419	33251
37.429	33251
37.439	33251
37.449	33253
37.459	33251
37.469	33249
37.479	33250
37.489	33248
37.499	33251
37.509	33250
37.519	33247
37.529	33252
37.539	33251
37.549	33253
37.559	33251
37.569	33252
37.579	33251
37.590	33252
37.599	33251
37.609	33250
37.619	33250
37.629	33250
37.639	33250
37.650	33247
37.659	33251
37.669	33251
37.679	33252
37.689	33252
37.699	33251
37.716	33252
37.719	33252
37.729	33251
37.739	33249
37.749	33251
37.759	33252
37.769	33253
37.779	33251
37.789	33250
37.799	33254
37.809	33249
37.819	33253
37.829	33253
37.843	33251
37.849	33252
37.859	33249
37.869	33249
37.879	33252
37.890	33251
37.899	33250
37.909	33253
37.919	33253
37.929	33254
37.939	33251
37.949	33248
37.959	33251
37.969	33249
37.979	33251
37.989	33251
37.999	33254
38.009	33252
38.019	33251
38.029	33252
38.039	33253
38.049	33250
38.059	33250
38.069	33252
38.079	33250
38.089	33252
38.099	33254
38.109	33253
38.119	33252
38.129	33253
38.139	33252
38.149	33251
38.162	33250
38.185	33250
38.190	33252
38.199	33251
38.209	33254
38.219	33253
38.229	33254
38.240	33249
38.249	33253
38.259	33251
38.269	33251
38.279	33253
38.289	33250
38.299	33253
38.309	33255
38.319	33253
38.329	33252
38.340	33252
38.349	33252
38.359	33253
38.369	33251
38.379	33257
38.390	33253
38.399	33253
38.409	33251
38.419	33255
38.429	33253
38.440	33253
38.449	33251
38.459	33252
38.469	33249
38.479	33251
38.489	33251
38.499	33251
38.525	33249
38.529	33253
38.540	33254
38.549	33255
38.559	33252
38.569	33253
38.579	33250
38.589	33251
38.599	33251
38.610	33254
38.619	33253
38.629	33253
38.639	33249
38.649	33251
38.659	33252
38.669	33255
38.679	33252
38.690	33254
38.703	33252
38.712	33253
38.719	33252
38.729	33250
38.740	33252
38.749	33253
38.759	33255
38.769	33254
38.779	33250
38.789	33252
38.799	33252
38.809	33254
38.819	33251
38.829	33253
38.840	33251
38.849	33255
38.859	33250
38.869	33252
38.879	33252
38.890	33251
38.899	33255
38.909	33255
38.919	33253
38.929	33252
38.939	33251
38.949	33253
38.959	33249
38.973	33253
38.979	33252
38.989	33253
38.999	33253
39.009	33250
39.019	33253
39.029	33253
39.039	33252
39.049	33251
39.059	33252
39.069	33250
39.079	33252
39.090	33251
39.099	33252
39.109	33252
39.119	33254
39.129	33252
39.139	33251
39.150	33248
39.159	33249
39.169	33250
39.179	33251
39.189	33250
39.199	33251
39.209	33252
39.219	33250
39.229	33250
39.239	33249
39.249	33251
39.259	33251
39.269	33252
39.279	33251
39.290	33250
39.299	33249
39.309	33250
39.319	33253
39.329	33253
39.339	33252
39.349	33251
39.359	33248
39.369	33249
39.379	33252
39.389	33251
39.399	33248
39.409	33249
39.419	33251
39.429	33249
39.439	33249
39.449	33248
39.459	33251
39.469	33251
39.479	33251
39.489	33250
39.499	33252
39.509	33249
39.519	33254
39.529	33252
39.539	33250
39.551	33250
39.559	33251
39.569	33251
39.579	33250
39.589	33252
39.599	33253
39.609	33250
39.619	33250
39.630	33255
39.639	33251
39.649	33252
39.659	33253
39.669	33248
39.679	33252
39.690	33252
39.699	33250
39.709	33252
39.719	33252
39.732	33250
39.739	33253
39.749	33253
39.760	33251
39.769	33254
39.779	33250
39.789	33250
39.799	33250
39.809	33249
39.819	33252
39.829	33251
39.839	33250
39.849	33252
39.859	33252
39.869	33251
39.879	33251
39.889	33251
39.899	33248
39.909	33249
39.919	33251
39.929	33250
39.940	33250
39.949	33251
39.960	33249
39.969	33252
39.979	33251
39.989	33249
39.999	33253
40.009	33250
40.019	33250
40.029	33251
40.039	33251
40.049	33250
40.059	33253
40.069	33253
40.079	33250
40.089	33253
40.099	33250
40.109	33253
40.119	33252
40.129	33252
40.140	33252
40.149	33253
40.159	33252
40.169	33250
40.179	33250
40.189	33253
40.199	33251
40.209	33255
40.219	33254
40.229	33252
40.240	33251
40.249	33251
40.259	33254
40.269	33251
40.279	33253
40.289	33252
40.299	33252
40.309	33250
40.319	33253
40.329	33252
40.340	33253
40.349	33251
40.359	33252
40.369	33253
40.379	33249
40.390	33252
40.399	33255
40.409	33251
40.419	33251
40.429	33253
40.440	33250
40.449	33252
40.459	33253
40.469	33251
40.479	33250
40.490	33252
40.499	33251
40.509	33254
40.519	33252
40.529	33250
40.540	33253
40.549	33250
40.559	33251
40.569	33249
40.579	33248
40.589	33250
40.599	33251
40.609	33249
40.619	33252
40.629	33249
40.640	33250
40.649	33250
40.659	33253
40.669	33250
40.679	33252
40.690	33252
40.699	33252
40.709	33250
40.719	33251
40.729	33248
40.739	33252
40.749	33250
40.759	33249
40.773	33251
40.779	33254
40.790	33255
40.799	33252
40.809	33250
40.836	33252
40.867	33252
40.870	33251
40.879	33252
40.890	33250
40.901	33253
40.910	33252
40.919	33253
40.929	33252
40.940	33252
40.955	33253
40.959	33253
40.969	33251
40.979	33254
40.989	33253
40.999	33253
41.009	33254
41.019	33254
41.029	33253
41.039	33253
41.049	33251
41.060	33249
41.069	33251
41.079	33251
41.090	33254
41.099	33252
41.109	33252
41.119	33255
41.129	33250
41.149	33251
41.154	33251
41.159	33252
41.169	33252
41.179	33252
41.189	33255
41.199	33255
41.209	33252
41.219	33252
41.229	33252
41.240	33248
41.249	33251
41.263	33251
41.271	33250
41.279	33252
41.290	33252
41.299	33250
41.309	33253
41.319	33253
41.329	33252
41.340	33248
41.349	33247
41.359	33253
41.369	33253
41.379	33252
41.389	33249
41.399	33251
41.409	33250
41.419	33252
41.429	33250
41.440	33249
41.449	33251
41.460	33251
41.469	33252
41.479	33253
41.504	33254
41.509	33249
41.519	33250
41.529	33248
41.540	33251
41.549	33252
41.559	33251
41.569	33252
41.581	33253
41.589	33253
41.599	33250
41.609	33251
41.619	33254
41.629	33253
41.640	33252
41.649	33250
41.659	33252
41.671	33251
41.679	33251
41.689	33249
41.699	33252
41.709	33252
41.719	33250
41.729	33250
41.739	33252
41.749	33252
41.759	33253
41.769	33252
41.779	33250
41.790	33252
41.799	33252
41.809	33251
41.819	33251
41.829	33249
41.839	33250
41.849	33249
41.859	33250
41.869	33251
41.879	33251
41.889	33250
41.899	33251
41.909	33252
41.919	33252
41.929	33251
41.939	33251
41.949	33252
41.959	33250
41.969	33251
41.979	33250
41.990	33250
41.999	33251
42.009	33252
42.019	33249
42.029	33250
42.039	33251
42.049	33248
42.059	33252
42.069	33252
42.079	33250
42.089	33249
42.099	33251
42.109	33253
42.119	33249
42.136	33251
42.140	33250
42.149	33248
42.159	33249
42.169	33249
42.179	33252
42.190	33250
42.199	33249
42.209	33251
42.219	33251
42.229	33251
42.239	33251
42.249	33252
42.259	33251
42.269	33253
42.279	33253
42.290	33252
42.299	33251
42.309	33252
42.319	33250
42.329	33250
42.339	33248
42.349	33251
42.359	33251
42.369	33250
42.379	33251
42.390	33250
42.399	33252
42.409	33251
42.419	33251
42.429	33252
42.439	33252
42.449	33251
42.459	33253
42.469	33252
42.479	33251
42.490	33250
42.500	33254
42.509	33250
42.519	33249
42.529	33250
42.540	33250
42.549	33251
42.559	33250
42.569	33247
42.579	33249
42.589	33250
42.599	33250
42.609	33252
42.619	33252
42.630	33250
42.639	33251
42.649	33250
42.659	33252
42.669	33251
42.679	33251
42.690	33252
42.699	33251
42.709	33248
42.719	33252
42.729	33251
42.739	33251
42.749	33252
42.759	33253
42.769	33251
42.779	33253
42.789	33254
42.799	33253
42.809	33254
42.819	33257
42.829	33255
42.839	33252
42.849	33251
42.859	33252
42.869	33253
42.879	33251
42.890	33252
42.899	33250
42.909	33250
42.919	33252
42.929	33250
42.939	33252
42.950	33253
42.959	33253
42.969	33250
42.979	33250
42.989	33251
42.999	33251
43.009	33251
43.019	33250
43.033	33251
43.039	33249
43.049	33251
43.059	33252
43.073	33249
43.079	33248
43.090	33251
43.099	33254
43.110	33251
43.119	33251
43.130	33251
43.139	33251
43.149	33250
43.159	33251
43.169	33249
43.179	33253
43.190	33250
43.199	33250
43.209	33250
43.219	33250
43.229	33251
43.239	33249
43.249	33251
43.259	33252
43.269	33250
43.279	33253
43.289	33253
43.299	33253
43.309	33251
43.319	33252
43.329	33252
43.339	33253
43.349	33251
43.359	33251
43.369	33251
43.379	33251
43.390	33252
43.399	33252
43.409	33253
43.419	33252
43.429	33252
43.439	33254
43.449	33251
43.459	33251
43.469	33249
43.479	33251
43.490	33253
43.499	33249
43.509	33251
43.519	33252
43.529	33253
43.539	33252
43.549	33251
43.559	33254
43.569	33253
43.579	33253
43.589	33253
43.599	33252
43.609	33252
43.619	33252
43.629	33251
43.640	33251
43.650	33254
43.659	33254
43.673	33252
43.679	33250
43.689	33253
43.699	33252
43.709	33250
43.719	33248
43.729	33250
43.739	33250
43.749	33252
43.759	33249
43.769	33252
43.779	33250
43.789	33252
43.799	33252
43.812	33253
43.819	33253
43.829	33254
43.839	33251
43.852	33251
43.859	33251
43.871	33253
43.879	33253
43.889	33250
43.915	33250
43.919	33251
43.931	33250
43.939	33251
43.949	33252
43.959	33253
43.969	33251
43.979	33252
43.990	33249
43.999	33249
44.009	33250
44.019	33250
44.029	33253
44.039	33250
44.049	33252
44.059	33249
44.069	33249
44.079	33253
44.090	33251
44.099	33251
44.109	33250
44.119	33251
44.129	33250
44.140	33252
44.149	33249
44.159	33250
44.169	33252
44.179	33250
44.189	33251
44.199	33250
44.209	33248
44.219	33251
44.229	33250
44.239	33250
44.249	33252
44.259	33249
44.269	33250
44.279	33250
44.289	33252
44.299	33252
44.309	33250
44.319	33251
44.329	33250
44.340	33249
44.349	33246
44.359	33251
44.373	33253
44.379	33251
44.390	33253
44.399	33253
44.409	33255
44.419	33254
44.429	33252
44.439	33252
44.449	33253
44.460	33252
44.469	33250
44.479	33249
44.490	33252
44.499	33250
44.509	33252
44.519	33252
44.529	33251
44.540	33252
44.549	33253
44.559	33251
44.569	33251
44.579	33251
44.589	33252
44.599	33251
44.609	33251
44.619	33248
44.630	33249
44.639	33251
44.649	33252
44.659	33252
44.669	33254
44.679	33253
44.690	33252
44.699	33253
44.709	33252
44.719	33252
44.729	33250
44.739	33249
44.749	33250
44.759	33246
44.769	33250
44.779	33250
44.789	33251
44.799	33255
44.809	33254
44.819	33252
44.829	33250
44.839	33252
44.849	33248
44.859	33250
44.869	33251
44.879	33251
44.890	33252
44.899	33253
44.909	33250
44.919	33254
44.929	33253
44.939	33250
44.949	33250
44.959	33248
44.969	33251
44.979	33248
44.989	33249
44.999	33252
45.009	33254
45.019	33254
45.029	33252
45.039	33252
45.049	33251
45.059	33249
45.069	33249
45.079	33251
45.089	33252
45.099	33250
45.109	33252
45.119	33253
45.129	33252
45.140	33253
45.149	33252
45.159	33250
45.169	33250
45.179	33244
45.192	33246
45.199	33253
45.209	33255
45.219	33256
45.229	33253
45.239	33251
45.249	33253
45.259	33249
45.270	33248
45.279	33250
45.289	33251
45.299	33253
45.312	33253
45.319	33252
45.329	33252
45.340	33259
45.349	33253
45.359	33254
45.373	33253
45.379	33250
45.390	33252
45.399	33248
45.409	33247
45.419	33247
45.429	33254
45.439	33255
45.456	33256
45.461	33254
45.470	33254
45.479	33256
45.490	33253
45.499	33252
45.509	33250
45.519	33248
45.529	33247
45.540	33251
45.549	33253
45.559	33255
45.569	33254
45.579	33251
45.589	33253
45.599	33251
45.609	33248
45.619	33251
45.629	33253
45.640	33252
45.649	33250
45.659	33250
45.669	33251
45.679	33251
45.689	33255
45.699	33254
45.709	33253
45.719	33250
45.729	33251
45.739	33253
45.749	33253
45.759	33252
45.769	33251
45.779	33250
45.789	33252
45.799	33251
45.809	33253
45.819	33252
45.829	33254
45.839	33254
45.849	33254
45.859	33251
45.869	33255
45.879	33253
45.890	33250
45.899	33246
45.909	33250
45.919	33250
45.929	33252
45.939	33252
45.949	33252
45.959	33253
45.969	33253
45.979	33255
45.989	33255
46.001	33253
46.009	33252
46.019	33250
46.029	33252
46.039	33250
46.049	33251
46.059	33248
46.069	33253
46.082	33254
46.090	33254
46.099	33254
46.109	33254
46.119	33250
46.129	33254
46.139	33253
46.149	33249
46.159	33249
46.169	33250
46.179	33253
46.190	33252
46.199	33252
46.209	33253
46.219	33253
46.229	33252
46.239	33251
46.249	33252
46.259	33250
46.269	33251
46.280	33250
46.293	33250
46.299	33250
46.312	33251
46.319	33254
46.329	33254
46.339	33252
46.349	33250
46.403	33250
46.411	33249
46.419	33251
46.429	33252
46.444	33253
46.456	33250
46.466	33252
46.475	33253
46.480	33251
46.492	33250
46.499	33250
46.509	33251
46.519	33247
46.529	33249
46.540	33251
46.549	33254
46.559	33253
46.569	33254
46.588	33255
46.591	33253
46.599	33254
46.609	33250
46.648	33250
46.652	33252
46.659	33254
46.669	33252
46.679	33254
46.689	33254
46.699	33251
46.717	33252
46.722	33251
46.729	33253
46.739	33252
46.749	33251
46.759	33253
46.774	33249
46.785	33253
46.803	33253
46.810	33254
46.819	33253
46.829	33252
46.839	33251
46.850	33250
46.859	33250
46.869	33251
46.879	33253
46.890	33252
46.918	33255
46.925	33253
46.931	33255
46.939	33252
46.949	33252
46.959	33251
46.969	33251
46.979	33248
46.990	33250
46.999	33251
47.009	33252
47.019	33253
47.029	33254
47.040	33254
47.049	33255
47.059	33252
47.069	33254
47.079	33251
47.090	33252
47.099	33250
47.109	33253
47.119	33251
47.129	33252
47.139	33254
47.149	33253
47.159	33253
47.169	33252
47.179	33252
47.190	33252
47.199	33248
47.209	33252
47.219	33252
47.229	33253
47.239	33253
47.249	33253
47.259	33252
47.269	33251
47.279	33254
47.289	33253
47.299	33252
47.309	33253
47.319	33254
47.329	33253
47.340	33251
47.351	33252
47.359	33251
47.369	33252
47.379	33252
47.399	33251
47.406	33252
47.414	33250
47.419	33252
47.429	33255
47.439	33255
47.449	33251
47.459	33251
47.469	33255
47.479	33251
47.490	33253
47.499	33247
47.509	33255
47.521	33258
47.529	33255
47.539	33252
47.549	33250
47.559	33253
47.569	33255
47.579	33254
47.589	33249
47.599	33249
47.610	33252
47.619	33251
47.629	33253
47.640	33254
47.649	33254
47.659	33253
47.669	33252
47.679	33255
47.689	33252
47.699	33253
47.709	33249
47.719	33249
47.729	33249
47.739	33250
47.749	33252
47.759	33252
47.769	33249
47.779	33252
47.790	33255
47.799	33252
47.809	33253
47.819	33254
47.829	33251
47.839	33251
47.849	33252
47.859	33252
47.869	33251
47.879	33252
47.890	33253
47.899	33252
47.909	33254
47.919	33251
47.930	33251
47.940	33250
47.949	33252
47.959	33251
47.969	33252
47.979	33250
47.991	33253
47.999	33251
48.009	33251
48.019	33250
48.029	33247
48.039	33255
48.049	33254
48.059	33251
48.069	33253
48.079	33253
48.090	33260
48.099	33262
48.109	33258
48.119	33255
48.129	33250
48.140	33248
48.149	33246
48.161	33243
48.169	33242
48.179	33246
48.190	33250
48.199	33254
48.209	33261
48.219	33260
48.232	33260
48.239	33257
48.249	33252
48.259	33248
48.269	33246
48.279	33242
48.289	33242
48.299	33247
48.309	33250
48.319	33255
48.329	33259
48.346	33253
48.359	33252
48.369	33253
48.379	33251
48.389	33245
48.399	33243
48.409	33246
48.419	33249
48.429	33251
48.439	33252
48.449	33252
48.459	33253
48.469	33254
48.479	33253
48.490	33251
48.499	33251
48.512	33251
48.519	33249
48.529	33249
48.539	33252
48.549	33249
48.559	33253
48.569	33251
48.579	33250
48.589	33253
48.599	33253
48.609	33254
48.619	33249
48.629	33249
48.640	33249
48.649	33248
48.659	33249
48.669	33247
48.679	33251
48.689	33255
48.699	33255
48.709	33253
48.719	33253
48.729	33256
48.739	33252
48.749	33251
48.759	33240
48.769	33240
48.779	33241
48.790	33244
48.799	33247
48.809	33251
48.819	33255
48.829	33260
48.839	33258
48.849	33256
48.859	33251
48.873	33249
48.879	33246
48.890	33245
48.899	33245
48.909	33245
48.919	33250
48.929	33252
48.939	33250
48.949	33260
48.965	33255
48.971	33255
48.979	33251
48.989	33248
49.000	33247
49.009	33247
49.019	33247
49.029	33247
49.039	33251
49.050	33254
49.062	33256
49.069	33257
49.079	33257
49.089	33253
49.099	33251
49.109	33250
49.119	33252
49.129	33247
49.139	33250
49.149	33249
49.159	33252
49.169	33253
49.179	33253
49.190	33254
49.199	33257
49.209	33253
49.219	33252
49.229	33251
49.239	33252
49.249	33247
49.259	33251
49.269	33250
49.279	33249
49.289	33250
49.299	33251
49.309	33252
49.319	33253
49.329	33255
49.340	33252
49.349	33249
49.359	33249
49.369	33248
49.379	33247
49.389	33251
49.399	33253
49.409	33251
49.419	33253
49.429	33251
49.439	33256
49.449	33253
49.459	33249
49.469	33253
49.479	33249
49.490	33251
49.499	33251
49.509	33249
49.519	33252
49.529	33253
49.540	33253
49.549	33255
49.559	33253
49.569	33255
49.579	33251
49.590	33253
49.599	33251
49.609	33248
49.619	33251
49.629	33253
49.640	33251
49.650	33253
49.659	33254
49.669	33252
49.679	33251
49.689	33254
49.699	33253
49.709	33253
49.719	33253
49.729	33252
49.739	33251
49.749	33251
49.759	33247
49.769	33249
49.779	33252
49.789	33251
49.799	33255
49.809	33250
49.819	33251
49.829	33251
49.839	33250
49.849	33250
49.859	33252
49.869	33252
49.879	33254
49.890	33251
49.899	33253
49.909	33254
49.919	33251
49.929	33256
49.939	33252
49.949	33253
49.959	33252
49.969	33251
49.979	33251
49.989	33252
49.999	33251
50.009	33252
50.019	33250
50.029	33254
50.039	33251
50.049	33253
50.059	33252
50.069	33251
50.079	33252
50.089	33251
50.099	33251
50.109	33253
50.119	33250
50.135	33253
50.148	33254
50.151	33253
50.159	33254
50.169	33253
50.179	33254
50.190	33252
50.199	33251
50.209	33254
50.219	33252
50.229	33255
50.239	33253
50.249	33255
50.259	33252
50.269	33253
50.280	33255
50.289	33254
50.299	33253
50.309	33254
50.319	33254
50.329	33253
50.340	33252
50.349	33253
50.359	33253
50.369	33250
50.379	33250
50.389	33253
50.407	33254
50.412	33255
50.419	33251
50.429	33252
50.439	33248
50.449	33251
50.459	33254
50.469	33252
50.479	33248
50.489	33249
50.499	33254
50.509	33254
50.519	33254
50.529	33253
50.539	33252
50.549	33251
50.559	33252
50.569	33247
50.579	33247
50.589	33249
50.599	33250
50.609	33253
50.619	33254
50.629	33254
50.640	33252
50.649	33252
50.659	33252
50.671	33251
50.679	33254
50.689	33252
50.699	33249
50.709	33249
50.719	33252
50.729	33255
50.739	33253
50.749	33254
50.759	33259
50.769	33252
50.784	33253
50.791	33251
50.802	33252
50.811	33249
50.819	33248
50.829	33247
50.839	33249
50.849	33252
50.859	33251
50.869	33255
50.879	33254
50.890	33255
50.899	33254
50.909	33254
50.919	33251
50.929	33251
50.939	33252
50.949	33248
50.959	33250
50.969	33253
50.979	33252
50.989	33252
50.999	33258
51.009	33254
51.019	33254
51.029	33251
51.040	33250
51.049	33249
51.059	33250
51.069	33249
51.079	33252
51.089	33251
51.099	33251
51.109	33252
51.119	33252
51.129	33252
51.139	33250
51.149	33253
51.159	33251
51.169	33248
51.179	33252
51.190	33249
51.199	33252
51.209	33251
51.219	33250
51.229	33251
51.239	33254
51.249	33251
51.259	33250
51.269	33252
51.279	33249
51.290	33251
51.299	33248
51.309	33246
51.319	33248
51.329	33248
51.339	33253
51.349	33253
51.359	33254
51.369	33254
51.379	33255
51.390	33255
51.399	33254
51.410	33253
51.419	33252
51.429	33247
51.440	33247
51.452	33247
51.459	33250
51.469	33250
51.479	33253
51.495	33251
51.499	33250
51.509	33250
51.519	33253
51.529	33251
51.540	33254
51.549	33253
51.559	33250
51.569	33251
51.579	33250
51.590	33249
51.599	33248
51.609	33251
51.619	33254
51.629	33251
51.640	33254
51.649	33251
51.659	33253
51.669	33254
51.679	33252
51.690	33252
51.699	33250
51.709	33249
51.719	33250
51.729	33250
51.740	33248
51.749	33251
51.759	33255
51.769	33256
51.779	33252
51.789	33252
51.799	33253
51.809	33252
51.819	33247
51.830	33250
51.839	33249
51.849	33251
51.859	33252
51.869	33255
51.879	33254
51.890	33252
51.899	33252
51.909	33253
51.919	33249
51.940	33251
51.949	33249
51.959	33252
51.969	33252
51.979	33253
51.989	33252
51.999	33251
52.009	33255
52.019	33253
52.029	33252
52.040	33255
52.049	33254
52.059	33254
52.069	33250
52.079	33250
52.089	33251
52.099	33251
52.109	33251
52.119	33252
52.129	33251
52.139	33253
52.149	33253
52.159	33251
52.170	33252
52.179	33253
52.190	33253
52.199	33250
52.209	33250
52.219	33251
52.229	33251
52.240	33251
52.249	33250
52.259	33252
52.269	33251
52.279	33248
52.290	33252
52.299	33252
52.309	33249
52.319	33250
52.329	33250
52.339	33252
52.350	33251
52.359	33251
52.369	33250
52.379	33253
52.390	33252
52.399	33251
52.409	33248
52.419	33250
52.430	33249
52.439	33251
52.449	33252
52.459	33253
52.469	33251
52.479	33253
52.489	33252
52.499	33252
52.509	33251
52.519	33253
52.529	33249
52.540	33249
52.549	33252
52.559	33250
52.569	33252
52.579	33254
52.589	33249
52.604	33252
52.613	33251
52.619	33251
52.629	33250
52.640	33251
52.650	33249
52.659	33250
52.669	33253
52.679	33254
52.690	33252
52.699	33251
52.709	33252
52.719	33254
52.729	33253
52.739	33255
52.749	33254
52.759	33250
52.769	33252
52.779	33248
52.789	33252
52.799	33251
52.809	33252
52.819	33253
52.829	33251
52.840	33251
52.849	33252
52.859	33252
52.869	33253
52.879	33250
52.889	33253
52.899	33252
52.909	33248
52.919	33253
52.929	33250
52.939	33250
52.949	33253
52.959	33252
52.969	33253
52.979	33253
52.989	33249
52.999	33253
53.009	33253
53.019	33253
53.029	33253
53.040	33252
53.049	33252
53.059	33251
53.069	33249
53.079	33251
53.089	33253
53.099	33250
53.109	33249
53.119	33248
53.129	33252
53.139	33252
53.149	33249
53.159	33254
53.169	33251
53.179	33252
53.190	33250
53.199	33250
53.209	33250
53.219	33250
53.229	33252
53.239	33254
53.249	33251
53.259	33251
53.269	33252
53.279	33252
53.289	33253
53.299	33251
53.309	33253
53.319	33251
53.329	33253
53.339	33251
53.349	33251
53.359	33252
53.373	33252
53.379	33253
53.389	33250
53.399	33249
53.409	33250
53.419	33254
53.430	33252
53.440	33252
53.449	33250
53.459	33251
53.469	33253
53.479	33251
53.489	33251
53.499	33250
53.509	33251
53.519	33251
53.529	33251
53.540	33252
53.549	33252
53.559	33251
53.569	33252
53.579	33252
53.591	33252
53.599	33251
53.609	33254
53.619	33253
53.629	33250
53.639	33252
53.649	33253
53.659	33251
53.669	33254
53.679	33249
53.690	33251
53.699	33250
53.709	33249
53.719	33250
53.729	33249
53.740	33250
53.753	33250
53.761	33251
53.769	33253
53.779	33251
53.789	33252
53.799	33251
53.809	33254
53.819	33255
53.829	33251
53.839	33251
53.849	33250
53.859	33249
53.869	33250
53.879	33248
53.890	33254
53.899	33252
53.909	33251
53.919	33250
53.929	33251
53.939	33249
53.949	33250
53.959	33251
53.980	33250
53.991	33250
53.999	33254
54.009	33249
54.019	33251
54.029	33253
54.040	33248
54.051	33254
54.059	33250
54.069	33250
54.079	33250
54.089	33252
54.107	33252
54.117	33249
54.120	33249
54.129	33251
54.139	33251
54.149	33253
54.159	33252
54.169	33248
54.179	33252
54.189	33250
54.199	33250
54.209	33252
54.219	33252
54.229	33250
54.239	33251
54.249	33251
54.259	33250
54.269	33251
54.279	33253
54.290	33256
54.302	33249
54.309	33251
54.319	33251
54.329	33251
54.339	33251
54.349	33252
54.359	33253
54.369	33252
54.379	33253
54.389	33254
54.399	33253
54.409	33251
54.419	33251
54.429	33253
54.441	33250
54.451	33249
54.459	33251
54.469	33253
54.479	33253
54.489	33252
54.499	33250
54.509	33250
54.519	33250
54.529	33251
54.540	33251
54.549	33252
54.559	33250
54.569	33250
54.579	33252
54.589	33251
54.599	33253
54.609	33251
54.619	33251
54.630	33250
54.640	33251
54.649	33253
54.659	33252
54.673	33251
54.679	33250
54.693	33252
54.702	33252
54.709	33250
54.719	33252
54.731	33252
54.740	33251
54.749	33252
54.759	33252
54.773	33253
54.779	33253
54.794	33251
54.799	33254
54.809	33252
54.819	33250
54.833	33248
54.840	33251
54.851	33251
54.859	33252
54.869	33250
54.879	33252
54.890	33253
54.900	33254
54.909	33253
54.919	33252
54.929	33251
54.939	33251
54.950	33252
54.959	33253
54.977	33248
54.980	33250
54.990	33253
54.999	33250
55.009	33252
55.019	33249
55.029	33247
55.039	33251
55.049	33253
55.059	33252
55.069	33253
55.079	33250
55.089	33250
55.099	33247
55.109	33251
55.119	33251
55.129	33252
55.139	33251
55.149	33251
55.159	33252
55.169	33251
55.179	33253
55.189	33253
55.199	33251
55.209	33252
55.220	33251
55.229	33250
55.239	33250
55.249	33252
55.259	33252
55.269	33251
55.279	33255
55.289	33252
55.299	33252
55.309	33252
55.319	33253
55.329	33252
55.339	33250
55.349	33250
55.359	33250
55.369	33253
55.379	33250
55.389	33251
55.399	33253
55.409	33251
55.419	33253
55.430	33251
55.439	33249
55.449	33251
55.466	33252
55.471	33251
55.481	33249
55.490	33250
55.499	33250
55.509	33253
55.519	33250
55.529	33250
55.540	33249
55.549	33251
55.559	33252
55.569	33251
55.579	33250
55.592	33253
55.599	33249
55.617	33250
55.620	33249
55.629	33249
55.639	33249
55.649	33250
55.659	33250
55.669	33250
55.679	33250
55.689	33255
55.699	33251
55.709	33252
55.719	33251
55.729	33249
55.740	33252
55.749	33251
55.759	33249
55.769	33250
55.779	33252
55.789	33250
55.799	33248
55.809	33251
55.819	33252
55.829	33252
55.839	33250
55.849	33250
55.859	33251
55.869	33248
55.879	33253
55.890	33250
55.899	33249
55.909	33251
55.923	33250
55.929	33252
55.939	33250
