# Oscilloscope Data

# Seconds	force_sensor_R.filtered_adc
0.000	33487
0.012	33488
0.019	33487
0.029	33484
0.039	33487
0.049	33484
0.059	33486
0.069	33486
0.079	33488
0.089	33488
0.099	33487
0.109	33488
0.119	33487
0.129	33487
0.139	33485
0.149	33486
0.159	33487
0.169	33487
0.179	33486
0.189	33486
0.199	33488
0.209	33486
0.219	33487
0.229	33484
0.239	33485
0.249	33487
0.259	33486
0.269	33485
0.279	33486
0.289	33486
0.299	33486
0.309	33486
0.319	33485
0.329	33486
0.339	33485
0.349	33485
0.359	33486
0.369	33484
0.379	33484
0.389	33486
0.399	33487
0.409	33484
0.419	33486
0.429	33487
0.439	33486
0.449	33486
0.459	33487
0.469	33485
0.479	33487
0.498	33488
0.503	33484
0.509	33483
0.520	33487
0.529	33486
0.539	33485
0.549	33485
0.559	33487
0.569	33485
0.579	33487
0.589	33490
0.599	33486
0.610	33485
0.619	33487
0.630	33485
0.640	33484
0.649	33486
0.662	33485
0.669	33483
0.695	33485
0.703	33486
0.709	33486
0.719	33486
0.729	33486
0.739	33486
0.749	33484
0.759	33486
0.770	33487
0.779	33487
0.789	33486
0.809	33484
0.819	33485
0.829	33487
0.839	33488
0.849	33485
0.859	33487
0.869	33488
0.879	33486
0.889	33486
0.899	33486
0.909	33486
0.919	33486
0.929	33485
0.939	33484
0.949	33487
0.959	33487
0.969	33486
0.979	33487
0.989	33487
0.999	33488
1.009	33486
1.019	33486
1.029	33486
1.039	33488
1.049	33486
1.059	33484
1.070	33487
1.079	33486
1.089	33485
1.099	33485
1.109	33486
1.119	33485
1.129	33486
1.139	33484
1.149	33484
1.159	33486
1.169	33483
1.179	33486
1.189	33485
1.199	33484
1.209	33486
1.219	33484
1.229	33484
1.239	33486
1.249	33482
1.259	33485
1.269	33485
1.279	33485
1.289	33486
1.299	33484
1.309	33485
1.319	33485
1.329	33487
1.339	33485
1.349	33484
1.359	33486
1.369	33483
1.379	33486
1.389	33490
1.399	33482
1.409	33485
1.419	33485
1.429	33487
1.439	33485
1.449	33485
1.459	33487
1.469	33485
1.479	33484
1.489	33486
1.499	33485
1.509	33485
1.521	33486
1.529	33485
1.539	33487
1.549	33488
1.559	33488
1.569	33485
1.579	33488
1.589	33486
1.599	33487
1.609	33487
1.619	33487
1.629	33486
1.639	33486
1.649	33487
1.659	33487
1.669	33486
1.679	33486
1.689	33487
1.699	33486
1.709	33485
1.719	33486
1.732	33484
1.739	33485
1.749	33487
1.759	33484
1.770	33485
1.779	33487
1.789	33486
1.801	33487
1.814	33487
1.819	33488
1.829	33488
1.839	33486
1.849	33485
1.859	33486
1.869	33484
1.879	33485
1.889	33488
1.900	33487
1.909	33490
1.919	33486
1.929	33485
1.939	33487
1.949	33486
1.959	33486
1.969	33487
1.979	33486
1.989	33486
1.999	33485
2.009	33484
2.019	33484
2.030	33486
2.039	33488
2.049	33487
2.059	33485
2.069	33486
2.079	33486
2.089	33487
2.099	33486
2.109	33488
2.119	33485
2.129	33485
2.139	33488
2.149	33485
2.159	33487
2.169	33487
2.179	33488
2.189	33485
2.199	33487
2.209	33486
2.219	33486
2.229	33487
2.239	33486
2.254	33488
2.261	33486
2.269	33488
2.279	33485
2.289	33488
2.299	33486
2.309	33487
2.319	33485
2.329	33487
2.339	33488
2.349	33489
2.360	33486
2.369	33486
2.379	33487
2.389	33484
2.399	33488
2.409	33485
2.419	33487
2.429	33487
2.439	33488
2.449	33486
2.459	33486
2.469	33488
2.479	33489
2.489	33484
2.499	33485
2.509	33489
2.519	33487
2.529	33485
2.539	33488
2.549	33485
2.559	33486
2.569	33482
2.579	33488
2.589	33489
2.599	33485
2.609	33487
2.619	33488
2.629	33483
2.639	33485
2.649	33485
2.659	33486
2.669	33487
2.679	33489
2.689	33485
2.699	33485
2.709	33485
2.719	33485
2.729	33486
2.739	33489
2.749	33488
2.759	33489
2.769	33489
2.779	33487
2.789	33487
2.799	33485
2.809	33487
2.819	33488
2.829	33486
2.839	33485
2.849	33486
2.859	33486
2.870	33486
2.879	33487
2.889	33486
2.899	33487
2.909	33486
2.919	33488
2.929	33484
2.939	33483
2.949	33486
2.959	33484
2.969	33485
2.979	33486
2.989	33486
2.999	33488
3.009	33484
3.019	33485
3.029	33485
3.039	33485
3.049	33486
3.059	33485
3.069	33487
3.079	33486
3.089	33487
3.099	33487
3.109	33486
3.119	33483
3.129	33486
3.139	33486
3.149	33485
3.159	33487
3.169	33488
3.179	33487
3.189	33486
3.199	33488
3.210	33486
3.219	33489
3.229	33488
3.239	33487
3.249	33487
3.259	33485
3.269	33486
3.279	33484
3.289	33488
3.299	33486
3.309	33485
3.319	33485
3.329	33484
3.347	33483
3.358	33486
3.362	33484
3.369	33486
3.379	33488
3.389	33486
3.399	33486
3.409	33486
3.419	33485
3.432	33484
3.444	33484
3.449	33484
3.459	33488
3.469	33489
3.479	33483
3.489	33488
3.499	33485
3.509	33486
3.519	33485
3.529	33484
3.539	33487
3.549	33486
3.559	33485
3.575	33487
3.581	33484
3.589	33487
3.609	33484
3.614	33484
3.619	33486
3.630	33485
3.639	33486
3.649	33486
3.659	33485
3.669	33487
3.679	33485
3.689	33485
3.699	33488
3.709	33486
3.719	33488
3.729	33486
3.739	33484
3.749	33488
3.759	33485
3.770	33485
3.779	33486
3.789	33486
3.799	33488
3.809	33487
3.819	33484
3.829	33487
3.839	33486
3.849	33489
3.859	33485
3.869	33487
3.879	33486
3.889	33485
3.899	33486
3.909	33485
3.919	33486
3.929	33489
3.939	33485
3.949	33485
3.959	33485
3.969	33484
3.979	33487
3.989	33484
3.999	33483
4.009	33486
4.019	33486
4.029	33488
4.039	33486
4.049	33486
4.059	33486
4.069	33487
4.079	33487
4.089	33483
4.099	33486
4.109	33488
4.119	33485
4.129	33487
4.139	33485
4.149	33487
4.159	33486
4.169	33486
4.179	33485
4.189	33486
4.199	33486
4.209	33487
4.219	33487
4.229	33486
4.239	33485
4.249	33485
4.259	33486
4.269	33485
4.279	33485
4.289	33485
4.299	33487
4.309	33487
4.319	33487
4.329	33485
4.339	33487
4.349	33486
4.359	33485
4.369	33485
4.379	33486
4.389	33486
4.399	33487
4.409	33484
4.419	33487
4.429	33487
4.439	33485
4.449	33484
4.459	33487
4.469	33488
4.479	33484
4.489	33488
4.499	33487
4.509	33486
4.519	33486
4.529	33484
4.539	33488
4.549	33487
4.559	33487
4.569	33485
4.579	33485
4.589	33488
4.599	33486
4.609	33485
4.619	33487
4.629	33487
4.639	33486
4.649	33485
4.659	33485
4.669	33487
4.679	33488
4.689	33488
4.699	33487
4.709	33486
4.719	33484
4.729	33486
4.739	33488
4.749	33487
4.759	33488
4.769	33487
4.779	33487
4.789	33488
4.799	33487
4.809	33486
4.819	33487
4.829	33489
4.839	33484
4.849	33486
4.859	33487
4.869	33490
4.879	33486
4.889	33487
4.899	33487
4.909	33487
4.919	33487
4.929	33488
4.939	33484
4.949	33486
4.959	33488
4.969	33488
4.979	33487
4.989	33488
4.999	33485
5.009	33485
5.019	33487
5.029	33486
5.039	33485
5.049	33486
5.059	33486
5.069	33488
5.081	33487
5.089	33485
5.114	33487
5.123	33487
5.129	33485
5.139	33485
5.149	33488
5.159	33487
5.169	33487
5.179	33486
5.189	33486
5.199	33485
5.209	33486
5.219	33486
5.229	33487
5.239	33486
5.249	33484
5.259	33485
5.269	33485
5.279	33485
5.289	33487
5.299	33486
5.309	33487
5.319	33484
5.329	33485
5.339	33486
5.349	33486
5.359	33485
5.369	33485
5.379	33486
5.389	33487
5.399	33485
5.409	33485
5.419	33486
5.429	33485
5.439	33486
5.449	33485
5.464	33485
5.469	33484
5.479	33486
5.528	33485
5.531	33485
5.539	33486
5.549	33485
5.559	33484
5.570	33486
5.579	33486
5.589	33485
5.599	33486
5.609	33486
5.619	33486
5.629	33484
5.639	33485
5.649	33485
5.662	33485
5.672	33486
5.710	33486
5.719	33486
5.729	33485
5.739	33486
5.749	33485
5.767	33484
5.787	33487
5.793	33484
5.799	33486
5.810	33485
5.819	33488
5.829	33484
5.839	33486
5.849	33486
5.859	33488
5.869	33486
5.879	33485
5.889	33486
5.922	33485
5.939	33487
5.947	33486
5.950	33487
5.959	33485
5.969	33485
5.979	33486
5.989	33485
6.011	33488
6.025	33484
6.029	33482
6.039	33489
6.049	33485
6.059	33489
6.069	33484
6.079	33486
6.089	33484
6.099	33488
6.109	33485
6.119	33487
6.129	33486
6.139	33486
6.149	33490
6.159	33483
6.169	33487
6.179	33487
6.192	33486
6.205	33485
6.211	33486
6.219	33485
6.229	33484
6.239	33488
6.249	33487
6.259	33488
6.269	33485
6.279	33486
6.289	33487
6.299	33486
6.309	33486
6.319	33486
6.329	33487
6.339	33484
6.349	33488
6.359	33487
6.369	33483
6.379	33486
6.389	33487
6.399	33486
6.409	33488
6.419	33486
6.429	33488
6.439	33487
6.449	33488
6.459	33484
6.469	33485
6.479	33487
6.489	33486
6.502	33487
6.510	33485
6.519	33485
6.529	33486
6.539	33483
6.549	33488
6.563	33489
6.569	33487
6.579	33486
6.589	33485
6.599	33488
6.609	33488
6.619	33488
6.629	33485
6.639	33486
6.650	33485
6.659	33486
6.669	33483
6.679	33488
6.689	33486
6.699	33486
6.709	33485
6.719	33486
6.729	33488
6.739	33487
6.768	33485
6.775	33488
6.779	33488
6.789	33489
6.799	33488
6.809	33487
6.819	33486
6.829	33488
6.839	33487
6.849	33486
6.859	33485
6.869	33489
6.879	33489
6.889	33489
6.899	33489
6.909	33488
6.919	33490
6.929	33489
6.941	33487
6.949	33486
6.959	33485
6.969	33486
6.979	33487
6.989	33487
6.999	33485
7.009	33486
7.019	33486
7.029	33482
7.039	33481
7.049	33491
7.059	33488
7.069	33488
7.079	33474
7.090	33493
7.099	33496
7.109	33497
7.119	33482
7.129	33481
7.139	33483
7.149	33490
7.159	33495
7.169	33485
7.179	33485
7.189	33489
7.199	33487
7.209	33493
7.219	33486
7.229	33486
7.239	33486
7.249	33486
7.259	33483
7.269	33486
7.279	33486
7.289	33490
7.299	33485
7.309	33485
7.319	33486
7.329	33487
7.339	33489
7.349	33484
7.359	33487
7.369	33483
7.379	33485
7.389	33487
7.399	33488
7.409	33485
7.419	33487
7.429	33488
7.439	33488
7.453	33487
7.459	33488
7.469	33488
7.479	33485
7.489	33485
7.499	33485
7.509	33485
7.519	33487
7.529	33485
7.539	33488
7.549	33486
7.559	33488
7.569	33490
7.579	33487
7.589	33486
7.599	33486
7.609	33486
7.619	33487
7.629	33490
7.639	33489
7.649	33488
7.659	33490
7.669	33491
7.679	33491
7.689	33489
7.699	33489
7.709	33484
7.719	33482
7.729	33482
7.739	33482
7.749	33478
7.759	33472
7.769	33473
7.779	33480
7.789	33486
7.799	33490
7.809	33493
7.819	33496
7.829	33499
7.839	33497
7.849	33495
7.859	33491
7.869	33482
7.879	33483
7.889	33478
7.899	33476
7.909	33476
7.919	33480
7.929	33480
7.939	33490
7.949	33491
7.959	33493
7.969	33493
7.979	33490
7.989	33489
7.999	33490
8.009	33488
8.019	33491
8.029	33486
8.039	33484
8.049	33480
8.059	33481
8.069	33480
8.079	33480
8.089	33484
8.099	33485
8.109	33487
8.119	33488
8.129	33493
8.139	33494
8.149	33495
8.159	33491
8.171	33488
8.179	33486
8.189	33483
8.200	33481
8.209	33480
8.219	33481
8.229	33480
8.239	33485
8.249	33486
8.259	33487
8.269	33490
8.279	33489
8.289	33489
8.299	33488
8.309	33489
8.319	33490
8.331	33486
8.339	33486
8.349	33484
8.365	33484
8.371	33483
8.379	33483
8.389	33483
8.399	33484
8.409	33486
8.419	33486
8.429	33488
8.439	33491
8.449	33491
8.459	33494
8.469	33486
8.479	33488
8.489	33487
8.499	33482
8.509	33482
8.519	33484
8.529	33483
8.539	33484
8.549	33489
8.559	33488
8.569	33488
8.579	33490
8.589	33489
8.599	33491
8.609	33489
8.619	33489
8.629	33485
8.639	33485
8.649	33485
8.659	33489
8.669	33485
8.680	33485
8.689	33486
8.699	33486
8.709	33486
8.720	33486
8.729	33488
8.739	33487
8.749	33489
8.759	33487
8.769	33489
8.779	33488
8.789	33487
8.799	33485
8.809	33484
8.819	33486
8.829	33485
8.839	33484
8.849	33486
8.859	33486
8.869	33485
8.879	33488
8.889	33489
8.899	33488
8.909	33486
8.919	33486
8.929	33488
8.939	33488
8.949	33487
8.959	33488
8.969	33487
8.979	33486
8.989	33487
8.999	33487
9.009	33486
9.019	33485
9.029	33486
9.039	33486
9.049	33487
9.059	33486
9.069	33489
9.079	33490
9.089	33488
9.099	33487
9.109	33486
9.119	33485
9.129	33484
9.139	33485
9.149	33486
9.159	33487
9.169	33489
9.179	33488
9.190	33485
9.199	33485
9.209	33486
9.219	33488
9.229	33488
9.241	33487
9.249	33489
9.259	33486
9.269	33488
9.279	33488
9.289	33486
9.299	33487
9.311	33486
9.319	33490
9.329	33488
9.339	33486
9.349	33488
9.359	33485
9.369	33486
9.379	33491
9.389	33488
9.400	33489
9.409	33489
9.419	33487
9.429	33486
9.439	33489
9.449	33486
9.459	33486
9.469	33487
9.479	33486
9.489	33487
9.499	33487
9.509	33488
9.519	33487
9.529	33487
9.539	33485
9.549	33487
9.559	33488
9.569	33487
9.579	33487
9.589	33488
9.599	33490
9.609	33487
9.619	33488
9.629	33487
9.639	33487
9.649	33488
9.659	33488
9.669	33488
9.679	33486
9.689	33490
9.699	33489
9.718	33487
9.721	33486
9.729	33487
9.739	33489
9.749	33488
9.759	33488
9.769	33486
9.779	33488
9.789	33486
9.814	33486
9.822	33485
9.829	33487
9.839	33490
9.849	33489
9.859	33487
9.869	33487
9.879	33488
9.889	33487
9.899	33488
9.909	33486
9.919	33488
9.929	33488
9.939	33486
9.949	33487
9.959	33485
9.969	33489
9.979	33486
9.989	33487
9.999	33488
10.009	33486
10.019	33485
10.029	33487
10.039	33487
10.049	33487
10.059	33488
10.069	33485
10.079	33487
10.089	33489
10.099	33487
10.109	33486
10.119	33489
10.129	33486
10.139	33487
10.149	33488
10.159	33489
10.169	33487
10.179	33487
10.189	33491
10.199	33489
10.209	33490
10.219	33489
10.229	33489
10.239	33488
10.249	33487
10.259	33487
10.269	33486
10.279	33487
10.289	33489
10.299	33486
10.309	33488
10.326	33485
10.329	33488
10.339	33487
10.349	33487
10.359	33487
10.369	33488
10.379	33490
10.389	33487
10.399	33489
10.410	33487
10.419	33487
10.431	33488
10.439	33488
10.449	33487
10.459	33486
10.469	33489
10.479	33487
10.489	33486
10.499	33486
10.509	33487
10.519	33484
10.529	33488
10.539	33485
10.549	33484
10.559	33487
10.569	33489
10.579	33488
10.589	33488
10.599	33487
10.612	33487
10.633	33484
10.646	33488
10.652	33486
10.659	33489
10.669	33484
10.679	33486
10.689	33488
10.703	33488
10.720	33486
10.729	33487
10.741	33488
10.751	33486
10.759	33487
10.771	33485
10.782	33488
10.791	33489
10.801	33486
10.810	33486
10.820	33487
10.830	33487
10.840	33488
10.855	33485
10.859	33487
10.869	33488
10.880	33488
10.890	33489
10.903	33488
10.914	33486
10.923	33486
10.929	33486
10.940	33488
10.950	33486
10.960	33488
10.970	33486
10.979	33487
10.989	33489
10.999	33486
11.009	33487
11.019	33488
11.029	33486
11.039	33489
11.049	33487
11.059	33487
11.069	33488
11.079	33488
11.089	33489
11.099	33488
11.109	33486
11.124	33486
11.129	33486
11.139	33488
11.149	33487
11.159	33487
11.169	33485
11.179	33486
11.191	33484
11.199	33488
11.210	33487
11.219	33487
11.229	33487
11.239	33488
11.249	33489
11.259	33489
11.269	33487
11.279	33488
11.289	33485
11.299	33487
11.309	33488
11.319	33490
11.330	33489
11.339	33487
11.349	33486
11.359	33487
11.369	33488
11.379	33487
11.389	33487
11.399	33488
11.409	33488
11.419	33488
11.429	33488
11.439	33486
11.449	33486
11.459	33488
11.469	33488
11.479	33486
11.489	33488
11.499	33487
11.509	33487
11.519	33489
11.529	33490
11.539	33488
11.549	33488
11.559	33488
11.569	33487
11.579	33487
11.589	33488
11.599	33487
11.609	33487
11.619	33485
11.629	33489
11.639	33489
11.649	33490
11.659	33489
11.669	33490
11.679	33487
11.689	33489
11.699	33489
11.709	33489
11.719	33488
11.736	33488
11.739	33487
11.749	33490
11.759	33488
11.770	33488
11.779	33487
11.789	33485
11.799	33488
11.809	33489
11.819	33488
11.833	33488
11.839	33489
11.849	33489
11.859	33488
11.869	33486
11.879	33488
11.889	33485
11.899	33488
11.909	33486
11.919	33485
11.929	33487
11.939	33487
11.959	33488
11.962	33487
11.969	33489
11.979	33486
11.989	33485
11.999	33489
12.009	33486
12.019	33488
12.029	33489
12.039	33490
12.049	33489
12.059	33489
12.069	33487
12.079	33488
12.089	33489
12.099	33490
12.109	33489
12.119	33487
12.129	33486
12.141	33486
12.149	33486
12.159	33488
12.169	33489
12.179	33489
12.189	33489
12.199	33489
12.209	33490
12.219	33488
12.229	33486
12.239	33487
12.249	33486
12.259	33488
12.269	33485
12.279	33487
12.289	33487
12.299	33489
12.309	33488
12.319	33488
12.329	33488
12.339	33485
12.349	33486
12.362	33487
12.369	33486
12.379	33487
12.389	33486
12.399	33487
12.409	33488
12.419	33489
12.429	33488
12.439	33487
12.449	33488
12.459	33488
12.469	33489
12.479	33487
12.489	33488
12.499	33486
12.509	33485
12.519	33487
12.529	33486
12.539	33487
12.549	33489
12.559	33488
12.569	33488
12.579	33488
12.594	33488
12.599	33486
12.609	33485
12.619	33486
12.629	33487
12.639	33487
12.649	33488
12.659	33484
12.669	33489
12.679	33487
12.692	33488
12.705	33489
12.709	33487
12.719	33486
12.729	33486
12.739	33489
12.749	33488
12.759	33489
12.769	33486
12.783	33487
12.789	33487
12.799	33486
12.809	33488
12.819	33486
12.829	33486
12.839	33489
12.849	33486
12.860	33488
12.869	33489
12.879	33487
12.889	33487
12.899	33485
12.909	33487
12.919	33487
12.929	33487
12.939	33487
12.949	33488
12.959	33487
12.969	33488
12.979	33489
12.989	33489
12.999	33487
13.009	33487
13.019	33487
13.029	33488
13.039	33486
13.051	33488
13.074	33485
13.088	33487
13.097	33490
13.100	33489
13.109	33491
13.119	33489
13.129	33488
13.145	33489
13.163	33488
13.169	33488
13.179	33487
13.189	33488
13.199	33486
13.209	33486
13.219	33486
13.229	33487
13.239	33486
13.249	33486
13.259	33488
13.269	33487
13.279	33488
13.289	33485
13.299	33488
13.310	33487
13.319	33486
13.329	33488
13.339	33484
13.349	33485
13.359	33486
13.369	33489
13.379	33488
13.389	33487
13.399	33487
13.409	33488
13.419	33487
13.429	33488
13.439	33489
13.449	33489
13.459	33486
13.469	33485
13.479	33485
13.491	33487
13.499	33489
13.509	33486
13.519	33487
13.529	33487
13.539	33486
13.549	33486
13.559	33488
13.569	33482
13.581	33485
13.592	33490
13.599	33492
13.609	33490
13.619	33483
13.629	33486
13.639	33496
13.649	33499
13.659	33487
13.669	33488
13.679	33487
13.689	33487
13.700	33487
13.709	33480
13.719	33479
13.729	33482
13.739	33484
13.749	33487
13.759	33490
13.777	33492
13.784	33492
13.789	33488
13.808	33487
13.815	33489
13.819	33487
13.829	33488
13.839	33486
13.849	33486
13.859	33485
13.869	33484
13.879	33486
13.889	33486
13.899	33482
13.909	33487
13.919	33487
13.929	33489
13.942	33491
13.949	33491
13.959	33489
13.969	33491
13.979	33490
13.989	33486
14.000	33487
14.009	33485
14.019	33486
14.029	33482
14.039	33484
14.049	33485
14.059	33488
14.069	33491
14.079	33490
14.089	33492
14.099	33491
14.109	33489
14.119	33488
14.129	33491
14.139	33486
14.149	33486
14.159	33485
14.169	33488
14.181	33486
14.189	33487
14.199	33486
14.209	33487
14.219	33488
14.229	33489
14.239	33491
14.249	33489
14.259	33491
14.269	33490
14.279	33491
14.289	33490
14.299	33491
14.309	33485
14.319	33486
14.329	33486
14.339	33486
14.349	33487
14.359	33481
14.369	33483
14.379	33488
14.389	33487
14.399	33487
14.409	33490
14.419	33488
14.429	33490
14.439	33492
14.449	33489
14.459	33489
14.469	33489
14.479	33488
14.489	33488
14.501	33486
14.509	33485
14.519	33488
14.529	33485
14.539	33486
14.549	33485
14.559	33486
14.569	33487
14.579	33492
14.591	33490
14.599	33491
14.609	33491
14.619	33486
14.629	33489
14.639	33488
14.649	33487
14.659	33485
14.669	33485
14.679	33485
14.689	33490
14.712	33489
14.719	33491
14.729	33489
14.739	33488
14.749	33487
14.759	33489
14.769	33490
14.779	33486
14.789	33487
14.799	33487
14.809	33485
14.819	33489
14.829	33486
14.846	33488
14.852	33485
14.859	33485
14.869	33489
14.879	33489
14.889	33490
14.899	33489
14.909	33486
14.919	33487
14.929	33488
14.939	33488
14.949	33487
14.959	33485
14.969	33485
14.979	33487
14.989	33484
14.999	33486
15.009	33486
15.019	33486
15.029	33488
15.039	33488
15.049	33485
15.059	33486
15.069	33488
15.079	33488
15.089	33486
15.099	33485
15.109	33486
15.119	33486
15.129	33485
15.139	33483
15.150	33485
15.159	33488
15.169	33484
15.179	33486
15.189	33488
15.201	33488
15.209	33490
15.219	33487
15.229	33487
15.239	33487
15.249	33489
15.259	33488
15.269	33487
15.279	33487
15.289	33486
15.299	33488
15.309	33485
15.319	33484
15.329	33485
15.339	33486
15.349	33488
15.359	33487
15.369	33487
15.379	33488
15.389	33486
15.404	33486
15.413	33486
15.421	33485
15.429	33488
15.439	33488
15.449	33486
15.460	33486
15.471	33489
15.479	33489
15.489	33487
15.499	33488
15.509	33485
15.519	33489
15.529	33485
15.539	33486
15.549	33487
15.564	33486
15.569	33487
15.580	33485
15.589	33486
15.599	33486
15.609	33488
15.619	33488
15.629	33487
15.639	33488
15.652	33487
15.661	33488
15.669	33488
15.679	33488
15.689	33488
15.699	33485
15.709	33486
15.719	33484
15.729	33486
15.739	33485
15.749	33487
15.759	33486
15.769	33485
15.779	33486
15.789	33486
15.799	33487
15.809	33487
15.819	33485
15.831	33486
15.839	33488
15.849	33488
15.859	33485
15.869	33486
15.879	33486
15.889	33488
15.899	33488
15.909	33489
15.919	33487
15.929	33487
15.939	33485
15.949	33486
15.959	33486
15.969	33486
15.979	33486
15.989	33486
15.999	33489
16.009	33486
16.019	33489
16.029	33488
16.039	33487
16.049	33487
16.059	33490
16.069	33488
16.079	33488
16.089	33485
16.099	33488
16.109	33486
16.119	33486
16.129	33487
16.139	33487
16.149	33487
16.159	33490
16.169	33491
16.179	33488
16.189	33487
16.199	33487
16.209	33487
16.219	33488
16.229	33489
16.239	33487
16.249	33489
16.259	33487
16.269	33489
16.279	33487
16.289	33490
16.299	33489
16.309	33488
16.319	33489
16.329	33486
16.339	33486
16.349	33490
16.359	33487
16.369	33488
16.379	33487
16.389	33488
16.399	33487
16.409	33489
16.419	33488
16.429	33485
16.439	33488
16.449	33488
16.486	33486
16.491	33485
16.499	33486
16.509	33489
16.533	33488
16.539	33487
16.549	33485
16.559	33489
16.569	33486
16.579	33490
16.589	33488
16.599	33490
16.609	33487
16.619	33489
16.629	33487
16.639	33489
16.649	33491
16.659	33486
16.669	33485
16.679	33488
16.689	33487
16.699	33487
16.709	33490
16.719	33488
16.729	33489
16.739	33489
16.749	33489
16.759	33488
16.769	33487
16.779	33484
16.789	33488
16.799	33487
16.809	33483
16.819	33487
16.829	33485
16.839	33486
16.849	33486
16.859	33486
16.869	33486
16.879	33487
16.889	33488
16.899	33488
16.909	33487
16.919	33489
16.929	33488
16.939	33487
16.949	33487
16.959	33488
16.969	33488
16.979	33487
16.989	33487
16.999	33486
17.009	33487
17.019	33487
17.029	33486
17.039	33487
17.050	33489
17.059	33486
17.069	33488
17.079	33488
17.092	33487
17.099	33489
17.109	33486
17.119	33488
17.129	33486
17.139	33487
17.149	33487
17.159	33488
17.169	33488
17.179	33488
17.189	33489
17.199	33485
17.209	33489
17.219	33490
17.229	33487
17.239	33487
17.249	33485
17.259	33489
17.269	33485
17.279	33489
17.289	33486
17.299	33487
17.309	33487
17.319	33488
17.329	33487
17.339	33488
17.349	33487
17.377	33485
17.386	33486
17.408	33490
17.411	33488
17.419	33486
17.429	33485
17.439	33488
17.470	33488
17.479	33489
17.489	33487
17.499	33487
17.509	33487
17.519	33486
17.529	33488
17.542	33489
17.549	33484
17.571	33486
17.579	33490
17.590	33486
17.599	33488
17.609	33487
17.619	33487
17.629	33487
17.639	33488
17.649	33485
17.659	33489
17.669	33486
17.720	33488
17.729	33486
17.740	33486
17.749	33487
17.759	33488
17.769	33488
17.779	33486
17.789	33489
17.799	33486
17.809	33488
17.819	33487
17.829	33486
17.839	33488
17.849	33486
17.859	33485
17.869	33488
17.879	33486
17.889	33487
17.899	33485
17.909	33488
17.919	33486
17.929	33486
17.939	33489
17.949	33487
17.959	33484
17.969	33485
17.979	33486
17.989	33488
17.999	33490
18.009	33487
18.019	33486
18.029	33488
18.039	33485
18.049	33490
18.059	33489
18.070	33488
18.079	33487
18.089	33485
18.099	33486
18.109	33486
18.119	33487
18.129	33487
18.139	33488
18.149	33486
18.159	33489
18.169	33486
18.181	33486
18.193	33486
18.200	33486
18.209	33487
18.219	33488
18.229	33489
18.239	33486
18.249	33486
18.259	33486
18.269	33488
18.279	33487
18.289	33486
18.299	33487
18.309	33486
18.319	33485
18.329	33487
18.339	33488
18.349	33487
18.359	33486
18.369	33489
18.379	33489
18.389	33486
18.399	33486
18.409	33485
18.419	33488
18.429	33485
18.439	33488
18.449	33487
18.459	33489
18.469	33487
18.480	33489
18.489	33486
18.499	33487
18.509	33486
18.519	33488
18.529	33488
18.539	33488
18.549	33488
18.559	33485
18.569	33486
18.579	33489
18.589	33488
18.599	33488
18.609	33488
18.619	33489
18.629	33487
18.645	33488
18.649	33487
18.660	33489
18.669	33487
18.679	33490
18.689	33488
18.699	33486
18.710	33486
18.729	33489
18.739	33488
18.749	33486
18.759	33486
18.769	33488
18.779	33487
18.789	33488
18.804	33487
18.826	33489
18.829	33488
18.839	33489
18.849	33488
18.859	33486
18.869	33488
18.879	33488
18.896	33487
18.899	33487
18.909	33488
18.919	33486
18.929	33487
18.948	33491
18.974	33486
18.979	33487
18.989	33486
18.999	33486
19.009	33488
19.019	33487
19.029	33489
19.039	33490
19.049	33486
19.059	33487
19.070	33488
19.079	33486
19.095	33488
19.103	33489
19.109	33485
19.119	33486
19.129	33491
19.139	33484
19.151	33487
19.159	33488
19.169	33490
19.180	33489
19.189	33487
19.199	33487
19.209	33488
19.219	33489
19.229	33488
19.239	33488
19.252	33487
19.259	33488
19.269	33490
19.279	33486
19.295	33486
19.299	33488
19.309	33487
19.319	33488
19.329	33484
19.344	33490
19.349	33488
19.359	33487
19.369	33488
19.379	33488
19.389	33486
19.399	33488
19.409	33486
19.419	33487
19.429	33486
19.439	33487
19.449	33487
19.459	33490
19.469	33487
19.479	33488
19.489	33489
19.499	33486
19.509	33488
19.520	33488
19.529	33487
19.539	33487
19.549	33488
19.559	33488
19.569	33487
19.579	33487
19.589	33485
19.599	33488
19.609	33488
19.619	33487
19.629	33489
19.639	33487
19.649	33487
19.659	33488
19.669	33485
19.679	33488
19.689	33488
19.699	33489
19.709	33489
19.719	33489
19.729	33488
19.739	33487
19.749	33488
19.759	33485
19.769	33489
19.779	33488
19.789	33487
19.799	33487
19.809	33488
19.819	33488
19.829	33487
19.839	33486
19.849	33487
19.859	33487
19.869	33487
19.879	33485
19.889	33488
19.899	33486
19.909	33486
19.919	33486
19.929	33489
19.939	33488
19.949	33487
19.959	33488
19.969	33485
19.979	33485
19.989	33486
19.999	33486
20.009	33486
20.019	33486
20.029	33488
20.039	33490
20.049	33488
20.059	33485
20.069	33485
20.079	33486
20.089	33485
20.099	33485
20.109	33487
20.119	33487
20.129	33488
20.139	33488
20.149	33487
20.159	33488
20.169	33488
20.179	33488
20.189	33488
20.199	33487
20.209	33484
20.219	33486
20.229	33485
20.239	33485
20.249	33485
20.259	33487
20.269	33489
20.279	33488
20.289	33486
20.299	33487
20.309	33486
20.319	33486
20.329	33488
20.339	33487
20.349	33488
20.359	33486
20.369	33486
20.379	33487
20.389	33484
20.399	33487
20.409	33487
20.419	33489
20.429	33488
20.439	33486
20.449	33486
20.459	33488
20.469	33486
20.479	33486
20.489	33486
20.499	33487
20.509	33488
20.519	33486
20.529	33487
20.539	33486
20.553	33486
20.559	33492
20.569	33488
20.579	33487
20.589	33485
20.599	33486
20.609	33488
20.619	33486
20.629	33486
20.639	33486
20.649	33487
20.659	33488
20.669	33488
20.679	33488
20.689	33486
20.700	33489
20.709	33488
20.720	33487
20.729	33488
20.739	33489
20.749	33488
20.759	33487
20.769	33487
20.779	33487
20.789	33487
20.799	33487
20.809	33487
20.819	33487
20.829	33487
20.839	33489
20.849	33487
20.859	33487
20.869	33487
20.879	33488
20.899	33489
20.901	33488
20.909	33492
20.919	33488
20.929	33485
20.939	33488
20.949	33484
20.962	33486
20.969	33486
20.979	33485
20.989	33487
20.999	33486
21.009	33487
21.019	33486
21.029	33488
21.039	33488
21.049	33486
21.059	33489
21.069	33491
21.079	33486
21.089	33487
21.099	33487
21.109	33487
21.119	33486
21.129	33487
21.139	33488
21.149	33487
21.159	33488
21.169	33487
21.179	33489
21.189	33486
21.200	33486
21.209	33488
21.219	33488
21.231	33491
21.239	33487
21.249	33486
21.259	33488
21.269	33489
21.279	33488
21.289	33485
21.300	33488
21.309	33486
21.319	33488
21.329	33485
21.339	33487
21.349	33489
21.359	33486
21.369	33487
21.379	33487
21.389	33487
21.399	33487
21.409	33488
21.419	33487
21.429	33487
21.439	33487
21.449	33489
21.459	33487
21.469	33486
21.479	33488
21.489	33486
21.499	33488
21.509	33487
21.519	33489
21.529	33489
21.539	33487
21.549	33485
21.559	33487
21.569	33488
21.579	33488
21.589	33488
21.599	33487
21.609	33489
21.619	33486
21.629	33487
21.639	33487
21.649	33489
21.659	33488
21.669	33488
21.679	33487
21.689	33484
21.699	33485
21.709	33491
21.719	33490
21.729	33489
21.739	33490
21.749	33488
21.759	33486
21.769	33488
21.779	33486
21.789	33488
21.799	33487
21.809	33488
21.819	33486
21.829	33491
21.839	33487
21.849	33487
21.859	33486
21.869	33488
21.879	33488
21.889	33488
21.899	33487
21.909	33488
21.919	33487
21.929	33486
21.939	33487
21.949	33489
21.959	33489
21.969	33488
21.979	33487
21.989	33487
21.999	33488
22.009	33487
22.019	33487
22.029	33486
22.039	33486
22.049	33486
22.059	33488
22.069	33487
22.079	33488
22.089	33489
22.099	33486
22.109	33487
22.119	33486
22.129	33487
22.139	33485
22.149	33490
22.159	33486
22.169	33486
22.179	33487
22.189	33488
22.199	33485
22.209	33486
22.219	33486
22.229	33485
22.239	33486
22.249	33486
22.259	33486
22.269	33489
22.279	33486
22.289	33487
22.299	33487
22.309	33487
22.319	33485
22.329	33485
22.339	33487
22.349	33486
22.359	33488
22.369	33489
22.379	33487
22.389	33489
22.408	33489
22.412	33487
22.419	33485
22.429	33486
22.439	33485
22.449	33487
22.459	33490
22.469	33486
22.479	33489
22.489	33487
22.499	33486
22.509	33487
22.519	33487
22.529	33486
22.539	33484
22.549	33487
22.559	33486
22.569	33487
22.579	33488
22.589	33485
22.599	33487
22.609	33486
22.619	33487
22.634	33488
22.639	33486
22.649	33486
22.659	33485
22.669	33487
22.679	33486
22.689	33486
22.699	33487
22.709	33487
22.719	33490
22.729	33490
22.739	33487
22.749	33488
22.759	33490
22.769	33488
22.779	33489
22.789	33488
22.799	33485
22.809	33488
22.819	33486
22.829	33490
22.839	33488
22.849	33488
22.859	33489
22.869	33488
22.879	33487
22.889	33487
22.899	33487
22.909	33488
22.919	33488
22.929	33486
22.939	33489
22.949	33486
22.959	33487
22.969	33487
22.979	33484
22.989	33486
22.999	33486
23.009	33487
23.019	33487
23.029	33487
23.039	33485
23.049	33489
23.059	33485
23.069	33488
23.079	33489
23.089	33486
23.099	33486
23.109	33485
23.119	33485
23.129	33490
23.139	33485
23.149	33489
23.159	33487
23.169	33489
23.179	33489
23.189	33487
23.199	33486
23.209	33489
23.219	33488
23.229	33488
23.239	33489
23.249	33487
23.259	33486
23.269	33488
23.279	33487
23.289	33486
23.299	33487
23.309	33488
23.319	33488
23.329	33487
23.339	33488
23.349	33486
23.359	33487
23.369	33487
23.379	33486
23.389	33485
23.400	33487
23.424	33490
23.433	33488
23.439	33489
23.449	33487
23.459	33486
23.469	33489
23.479	33487
23.489	33489
23.499	33490
23.509	33485
23.519	33485
23.529	33486
23.539	33485
23.549	33485
23.559	33489
23.572	33487
23.579	33486
23.589	33488
23.599	33486
23.609	33486
23.619	33489
23.629	33487
23.639	33485
23.649	33486
23.659	33489
23.669	33488
23.679	33485
23.689	33487
23.699	33488
23.709	33489
23.719	33487
23.729	33488
23.739	33487
23.749	33488
23.759	33487
23.769	33486
23.779	33489
23.789	33487
23.799	33488
23.809	33488
23.819	33488
23.829	33487
23.839	33489
23.849	33489
23.859	33490
23.869	33489
23.879	33485
23.889	33484
23.899	33486
23.909	33487
23.919	33486
23.929	33485
23.939	33488
23.949	33488
23.959	33487
23.969	33488
23.979	33489
23.989	33488
23.999	33490
24.009	33488
24.019	33485
24.029	33485
24.039	33485
24.049	33488
24.059	33489
24.069	33486
24.079	33487
24.089	33486
24.099	33485
24.109	33485
24.119	33487
24.129	33490
24.139	33487
24.149	33488
24.159	33487
24.169	33488
24.179	33486
24.189	33487
24.199	33487
24.211	33488
24.219	33486
24.229	33486
24.239	33490
24.249	33489
24.259	33487
24.269	33486
24.279	33489
24.289	33488
24.299	33487
24.309	33487
24.319	33489
24.329	33487
24.339	33487
24.349	33486
24.359	33487
24.369	33486
24.379	33487
24.389	33490
24.399	33488
24.409	33490
24.422	33485
24.432	33486
24.439	33485
24.454	33484
24.460	33485
24.469	33486
24.479	33487
24.489	33486
24.499	33489
24.511	33485
24.520	33486
24.529	33485
24.539	33487
24.549	33487
24.559	33487
24.569	33488
24.579	33487
24.589	33488
24.599	33487
24.609	33488
24.619	33488
24.629	33486
24.639	33489
24.649	33490
24.659	33490
24.669	33486
24.679	33486
24.689	33490
24.699	33486
24.709	33486
24.719	33486
24.729	33486
24.739	33488
24.754	33489
24.765	33488
24.775	33488
24.780	33488
24.789	33488
24.799	33487
24.809	33486
24.819	33489
24.829	33489
24.845	33487
24.849	33487
24.866	33484
24.870	33490
24.879	33488
24.889	33486
24.899	33487
24.909	33485
24.919	33487
24.932	33489
24.941	33484
24.949	33486
24.959	33488
24.969	33487
24.979	33487
24.989	33485
24.999	33486
25.009	33485
25.019	33484
25.030	33483
25.039	33486
25.049	33486
25.059	33487
25.069	33487
25.082	33487
25.089	33484
25.099	33485
25.109	33486
25.119	33486
25.129	33488
25.139	33487
25.152	33486
25.159	33485
25.169	33488
25.179	33487
25.193	33487
25.199	33487
25.209	33486
25.219	33487
25.229	33487
25.241	33485
25.249	33486
25.259	33488
25.269	33488
25.290	33485
25.299	33485
25.309	33486
25.319	33486
25.329	33485
25.339	33486
25.349	33488
25.359	33486
25.374	33487
25.379	33489
25.389	33486
25.399	33487
25.409	33488
25.419	33488
25.429	33488
25.439	33488
25.449	33489
25.459	33488
25.469	33487
25.479	33485
25.489	33487
25.499	33487
25.509	33486
25.519	33487
25.529	33487
25.539	33485
25.549	33487
25.559	33487
25.569	33489
25.579	33486
25.589	33485
25.599	33487
25.609	33486
25.619	33488
25.629	33487
25.639	33487
25.661	33490
25.669	33486
25.682	33487
25.692	33487
25.699	33488
25.709	33485
25.719	33486
25.729	33485
25.739	33488
25.749	33486
25.759	33487
25.769	33487
25.779	33486
25.789	33485
25.799	33487
25.809	33485
25.819	33485
25.829	33484
25.839	33486
25.849	33489
25.859	33487
25.869	33486
25.879	33488
25.890	33487
25.899	33488
25.909	33486
25.919	33486
25.929	33489
25.939	33489
25.950	33487
25.959	33487
25.969	33485
25.979	33490
25.989	33490
25.999	33486
26.009	33486
26.019	33486
26.029	33487
26.039	33486
26.049	33485
26.059	33487
26.069	33486
26.079	33487
26.091	33488
26.099	33485
26.109	33488
26.119	33486
26.129	33486
26.141	33485
26.149	33486
26.159	33488
26.174	33487
26.182	33489
26.206	33487
26.225	33485
26.229	33488
26.239	33485
26.249	33487
26.259	33487
26.269	33485
26.279	33485
26.289	33486
26.299	33487
26.309	33487
26.319	33488
26.329	33487
26.339	33489
26.349	33487
26.359	33487
26.375	33485
26.383	33486
26.391	33486
26.399	33488
26.409	33487
26.419	33488
26.429	33487
26.439	33488
26.449	33487
26.459	33484
26.469	33488
26.479	33487
26.489	33485
26.499	33488
26.509	33487
26.519	33486
26.529	33483
26.539	33486
26.549	33487
26.559	33486
26.569	33486
26.579	33486
26.589	33486
26.599	33486
26.609	33488
26.619	33486
26.629	33487
26.639	33487
26.649	33487
26.659	33484
26.669	33485
26.679	33486
26.689	33487
26.699	33486
26.709	33485
26.727	33487
26.731	33485
26.739	33488
26.749	33487
26.759	33489
26.769	33489
26.779	33486
26.789	33486
26.799	33485
26.809	33485
26.819	33485
26.829	33487
26.839	33487
26.849	33489
26.859	33487
26.869	33488
26.879	33490
26.889	33486
26.899	33489
26.909	33488
26.919	33490
26.932	33488
26.939	33489
26.949	33489
26.959	33489
26.969	33488
26.979	33487
26.989	33486
26.999	33488
27.009	33486
27.019	33486
27.029	33487
27.039	33488
27.049	33488
27.059	33485
27.069	33486
27.079	33487
27.089	33489
27.099	33486
27.109	33488
27.119	33484
27.129	33487
27.139	33486
27.149	33486
27.159	33486
27.169	33486
27.179	33488
27.189	33487
27.202	33486
27.209	33487
27.219	33486
27.229	33485
27.239	33487
27.249	33488
27.259	33488
27.269	33487
27.279	33487
27.289	33487
27.299	33488
27.309	33487
27.319	33488
27.329	33488
27.339	33487
27.349	33485
27.359	33485
27.369	33487
27.379	33484
27.389	33485
27.399	33484
27.409	33487
27.419	33487
27.429	33485
27.439	33487
27.449	33487
27.459	33485
27.469	33487
27.479	33487
27.489	33486
27.499	33485
27.509	33483
27.519	33486
27.529	33486
27.539	33486
27.549	33485
27.559	33485
27.569	33485
27.579	33487
27.589	33487
27.599	33486
27.609	33487
27.620	33487
27.629	33486
27.639	33484
27.649	33487
27.659	33487
27.669	33486
27.679	33488
27.689	33490
27.699	33487
27.709	33488
27.726	33487
27.733	33485
27.739	33484
27.749	33487
27.759	33488
27.769	33487
27.779	33490
27.789	33491
27.799	33488
27.809	33488
27.819	33488
27.829	33489
27.839	33487
27.849	33488
27.859	33487
27.869	33485
27.879	33486
27.889	33487
27.899	33488
27.909	33489
27.919	33488
27.929	33488
27.939	33487
27.949	33488
27.959	33487
27.969	33487
27.979	33488
27.992	33486
28.001	33489
28.009	33487
28.019	33487
28.029	33487
28.039	33485
28.049	33486
28.059	33487
28.069	33489
28.079	33486
28.089	33484
28.099	33486
28.109	33487
28.119	33487
28.129	33485
28.139	33486
28.149	33488
28.159	33488
28.169	33485
28.179	33487
28.189	33487
28.199	33488
28.209	33488
28.219	33487
28.229	33487
28.239	33486
28.249	33489
28.259	33486
28.269	33488
28.279	33487
28.289	33487
28.299	33487
28.309	33487
28.319	33488
28.329	33487
28.339	33486
28.349	33486
28.359	33485
28.369	33487
28.379	33487
28.389	33487
28.399	33485
28.409	33485
28.419	33487
28.429	33485
28.439	33485
28.449	33486
28.459	33486
28.469	33487
28.479	33487
28.489	33487
28.499	33487
28.509	33488
28.519	33489
28.529	33486
28.539	33486
28.549	33487
28.559	33487
28.569	33486
28.579	33486
28.589	33487
28.599	33485
28.609	33486
28.619	33487
28.629	33487
28.639	33485
28.649	33487
28.659	33489
28.674	33487
28.679	33485
28.689	33488
28.699	33486
28.709	33487
28.726	33486
28.736	33484
28.741	33487
28.749	33488
28.759	33490
28.769	33485
28.779	33488
28.789	33489
28.799	33488
28.809	33485
28.819	33487
28.829	33487
28.839	33488
28.849	33486
28.859	33486
28.890	33486
28.899	33488
28.909	33488
28.920	33490
28.930	33488
28.939	33487
28.949	33488
28.959	33487
28.977	33486
28.982	33489
28.989	33488
28.999	33490
29.009	33491
29.019	33488
29.029	33489
29.039	33489
29.049	33487
29.059	33486
29.069	33486
29.079	33490
29.089	33488
29.099	33486
29.109	33489
29.119	33488
29.129	33484
29.139	33488
29.149	33488
29.159	33487
29.169	33489
29.179	33489
29.189	33487
29.199	33487
29.209	33487
29.219	33487
29.229	33488
29.239	33487
29.249	33488
29.259	33489
29.269	33487
29.279	33488
29.289	33489
29.299	33487
29.309	33488
29.319	33490
29.329	33487
29.339	33488
29.349	33488
29.359	33487
29.369	33490
29.379	33488
29.389	33489
29.399	33488
29.409	33486
29.419	33488
29.429	33489
29.439	33486
29.449	33487
29.459	33487
29.469	33486
29.479	33486
29.489	33487
29.499	33489
29.509	33486
29.519	33487
29.529	33488
29.539	33487
29.549	33486
29.559	33486
29.569	33487
29.579	33486
29.589	33486
29.599	33487
29.609	33487
29.619	33489
29.629	33485
29.639	33487
29.649	33485
29.661	33485
29.669	33488
29.679	33485
29.689	33485
29.699	33486
29.709	33485
29.719	33487
29.729	33487
29.739	33489
29.750	33488
29.759	33488
29.769	33486
29.779	33485
29.789	33486
29.799	33487
29.809	33487
29.819	33487
29.829	33487
29.839	33488
29.851	33486
29.859	33486
29.869	33488
29.879	33487
29.889	33487
29.899	33486
29.909	33485
29.919	33487
29.929	33487
29.944	33489
29.949	33488
29.959	33487
29.969	33487
29.980	33489
29.989	33487
30.003	33487
30.009	33486
30.025	33487
30.034	33486
30.039	33486
30.049	33486
30.059	33489
30.069	33487
30.079	33486
30.089	33486
30.099	33486
30.109	33485
30.119	33486
30.129	33489
30.139	33487
30.149	33487
30.159	33485
30.169	33485
30.183	33486
30.189	33487
30.199	33487
30.209	33487
30.219	33487
30.229	33485
30.243	33488
30.249	33488
30.276	33486
30.283	33487
30.290	33489
30.299	33486
30.309	33486
30.320	33484
30.329	33487
30.339	33484
30.349	33487
30.360	33488
30.369	33486
30.379	33488
30.389	33488
30.399	33487
30.418	33489
30.443	33487
30.450	33487
30.461	33486
30.472	33487
30.506	33486
30.527	33487
30.537	33489
30.550	33487
30.559	33487
30.569	33487
30.579	33488
30.615	33487
30.628	33486
30.649	33488
30.671	33487
30.679	33487
30.689	33486
30.699	33484
30.709	33485
30.719	33488
30.729	33487
30.739	33486
30.749	33487
30.759	33486
30.769	33486
30.779	33487
30.789	33488
30.799	33487
30.809	33486
30.819	33488
30.829	33487
30.839	33489
30.849	33488
30.859	33485
30.869	33486
30.879	33487
30.889	33487
30.899	33485
30.909	33489
30.919	33488
30.929	33487
30.939	33487
30.949	33488
30.959	33487
30.969	33486
30.979	33487
30.989	33487
30.999	33487
31.009	33487
31.019	33486
31.029	33487
31.039	33489
31.049	33488
31.059	33487
31.069	33489
31.079	33486
31.089	33486
31.099	33484
31.109	33486
31.119	33487
31.129	33490
31.139	33488
31.149	33489
31.159	33487
31.169	33490
31.179	33490
31.189	33488
31.199	33486
31.209	33487
31.219	33488
31.230	33488
31.239	33489
31.249	33484
31.259	33477
31.269	33482
31.279	33489
31.289	33489
31.299	33483
31.309	33479
31.319	33492
31.329	33499
31.339	33492
31.349	33491
31.359	33487
31.369	33486
31.379	33494
31.389	33486
31.399	33480
31.409	33484
31.427	33487
31.433	33487
31.439	33485
31.453	33485
31.460	33489
31.469	33488
31.483	33488
31.493	33490
31.505	33489
31.515	33488
31.519	33485
31.529	33485
31.539	33483
31.549	33487
31.559	33488
31.569	33483
31.579	33485
31.589	33487
31.599	33485
31.609	33486
31.619	33490
31.629	33489
31.639	33489
31.649	33490
31.659	33487
31.669	33488
31.679	33487
31.689	33485
31.699	33481
31.709	33486
31.719	33485
31.729	33484
31.739	33487
31.749	33486
31.759	33486
31.769	33489
31.779	33488
31.789	33489
31.799	33489
31.809	33487
31.819	33490
31.829	33488
31.839	33488
31.849	33485
31.859	33485
31.869	33484
31.879	33483
31.889	33483
31.899	33490
31.909	33488
31.919	33491
31.929	33492
31.939	33493
31.949	33491
31.959	33495
31.969	33487
31.979	33490
31.989	33486
31.999	33484
32.009	33482
32.019	33474
32.029	33479
32.039	33479
32.049	33479
32.059	33491
32.069	33490
32.079	33491
32.089	33497
32.099	33494
32.109	33493
32.119	33493
32.129	33488
32.139	33484
32.149	33485
32.159	33482
32.169	33483
32.179	33484
32.189	33483
32.199	33485
32.209	33488
32.219	33491
32.249	33489
32.259	33488
32.269	33492
32.280	33489
32.289	33487
32.299	33487
32.309	33485
32.319	33483
32.329	33482
32.339	33479
32.349	33483
32.359	33484
32.369	33485
32.379	33488
32.389	33490
32.399	33490
32.410	33490
32.424	33487
32.432	33486
32.439	33488
32.449	33484
32.459	33484
32.469	33483
32.480	33485
32.489	33484
32.499	33486
32.509	33487
32.546	33489
32.562	33488
32.569	33493
32.586	33486
32.591	33487
32.599	33488
32.609	33486
32.619	33483
32.629	33483
32.639	33485
32.649	33483
32.659	33484
32.675	33490
32.686	33492
32.690	33490
32.699	33491
32.709	33492
32.719	33493
32.729	33489
32.739	33488
32.749	33485
32.762	33485
32.769	33484
32.779	33484
32.789	33484
32.799	33486
32.809	33486
32.819	33489
32.829	33488
32.839	33489
32.849	33488
32.859	33488
32.869	33487
32.879	33489
32.889	33487
32.899	33487
32.909	33487
32.919	33488
32.929	33485
32.939	33484
32.949	33483
32.959	33489
32.969	33487
32.979	33485
32.989	33487
33.001	33490
33.009	33487
33.019	33489
33.029	33489
33.039	33489
33.049	33488
33.059	33483
33.069	33485
33.079	33485
33.089	33484
33.099	33487
33.109	33484
33.119	33489
33.129	33488
33.139	33486
33.149	33487
33.159	33488
33.169	33487
33.179	33487
33.189	33488
33.199	33487
33.209	33487
33.219	33486
33.229	33486
33.239	33482
33.249	33487
33.259	33486
33.269	33486
33.279	33484
33.289	33487
33.300	33488
33.309	33489
33.319	33488
33.329	33488
33.339	33487
33.349	33486
33.359	33487
33.369	33484
33.379	33484
33.389	33485
33.399	33487
33.409	33483
33.419	33484
33.429	33489
33.439	33489
33.449	33487
33.459	33487
33.469	33489
33.479	33490
33.489	33487
33.499	33487
33.509	33487
33.519	33489
33.529	33487
33.539	33486
33.549	33489
33.563	33488
33.569	33488
33.579	33484
33.589	33487
33.599	33488
33.609	33487
33.619	33485
33.629	33488
33.639	33487
33.649	33489
33.659	33485
33.669	33489
33.679	33487
33.689	33486
33.699	33486
33.709	33488
33.719	33486
33.729	33488
33.739	33485
33.749	33488
33.759	33486
33.769	33486
33.779	33487
33.789	33488
33.799	33488
33.809	33486
33.819	33486
33.829	33488
33.839	33490
33.849	33488
33.859	33488
33.869	33488
33.879	33487
33.889	33487
33.899	33486
33.909	33486
33.919	33490
33.929	33488
33.939	33489
33.949	33489
33.959	33490
33.969	33489
33.979	33489
33.989	33486
33.999	33486
34.009	33487
34.019	33486
34.029	33488
34.039	33486
34.049	33488
34.059	33487
34.069	33487
34.079	33487
34.089	33488
34.099	33487
34.109	33490
34.119	33490
34.129	33488
34.139	33486
34.149	33488
34.159	33489
34.169	33487
34.179	33486
34.189	33487
34.199	33487
34.209	33486
34.219	33488
34.231	33488
34.239	33488
34.249	33488
34.259	33488
34.269	33489
34.281	33488
34.289	33488
34.299	33490
34.309	33487
34.319	33486
34.329	33485
34.339	33488
34.349	33487
34.359	33488
34.369	33487
34.379	33488
34.389	33490
34.399	33489
34.409	33489
34.419	33488
34.429	33486
34.439	33488
34.449	33488
34.459	33485
34.469	33486
34.479	33486
34.492	33486
34.499	33489
34.512	33490
34.519	33490
34.533	33489
34.542	33487
34.549	33489
34.559	33489
34.569	33486
34.579	33490
34.589	33487
34.599	33488
34.609	33486
34.619	33485
34.629	33485
34.639	33485
34.649	33488
34.662	33488
34.669	33486
34.679	33487
34.689	33490
34.699	33487
34.709	33488
34.719	33487
34.729	33487
34.739	33487
34.749	33487
34.759	33487
34.769	33487
34.779	33486
34.789	33488
34.799	33486
34.809	33487
34.819	33487
34.829	33488
34.839	33487
34.849	33488
34.859	33488
34.869	33488
34.879	33488
34.889	33489
34.899	33485
34.911	33487
34.919	33487
34.929	33484
34.939	33486
34.949	33487
34.959	33490
34.969	33487
34.979	33489
34.989	33487
35.000	33487
35.009	33488
35.019	33486
35.029	33490
35.039	33490
35.049	33486
35.059	33488
35.069	33489
35.079	33489
35.089	33486
35.099	33488
35.109	33488
35.119	33488
35.129	33490
35.139	33488
35.149	33490
35.159	33489
35.169	33487
35.179	33489
35.189	33486
35.199	33487
35.210	33487
35.219	33486
35.229	33487
35.239	33486
35.249	33487
35.259	33486
35.269	33485
35.279	33489
35.289	33487
35.299	33488
35.309	33488
35.319	33487
35.329	33488
35.339	33486
35.349	33488
35.359	33488
35.369	33487
35.379	33487
35.389	33488
35.399	33488
35.409	33488
35.419	33489
35.429	33488
35.439	33486
35.449	33487
35.459	33490
35.469	33488
35.479	33486
35.489	33490
35.500	33487
35.509	33488
35.519	33489
35.529	33489
35.551	33489
35.563	33489
35.569	33488
35.579	33488
35.589	33488
35.599	33487
35.609	33488
35.619	33488
35.629	33489
35.639	33487
35.649	33488
35.659	33488
35.669	33486
35.679	33488
35.689	33488
35.700	33487
35.709	33487
35.724	33488
35.729	33489
35.739	33487
35.749	33486
35.759	33486
35.769	33487
35.780	33488
35.798	33488
35.802	33486
35.809	33487
35.819	33486
35.829	33488
35.839	33489
35.849	33487
35.859	33487
35.869	33488
35.879	33488
35.889	33490
35.899	33488
35.909	33487
35.919	33485
35.929	33489
35.939	33490
35.949	33490
35.959	33488
35.969	33490
35.979	33486
35.989	33488
35.999	33486
36.009	33489
36.019	33487
36.029	33486
36.039	33488
36.049	33489
36.059	33489
36.069	33488
36.079	33488
36.089	33485
36.099	33488
36.109	33490
36.119	33487
36.129	33489
36.139	33487
36.149	33487
36.159	33487
36.170	33486
36.179	33487
36.189	33487
36.199	33487
36.209	33487
36.219	33488
36.229	33489
36.239	33489
36.249	33488
36.259	33488
36.269	33487
36.279	33488
36.289	33486
36.299	33486
36.309	33487
36.319	33489
36.329	33487
36.339	33485
36.349	33488
36.359	33486
36.369	33489
36.379	33487
36.389	33488
36.399	33489
36.409	33488
36.419	33486
36.429	33487
36.439	33487
36.449	33487
36.459	33487
36.469	33489
36.479	33486
36.489	33489
36.499	33490
36.509	33488
36.519	33486
36.530	33490
36.539	33488
36.549	33488
36.559	33487
36.569	33486
36.579	33488
36.589	33489
36.599	33484
36.609	33485
36.619	33486
36.629	33485
36.639	33487
36.649	33488
36.659	33485
36.669	33490
36.679	33487
36.689	33490
36.699	33486
36.711	33486
36.719	33484
36.729	33484
36.739	33486
36.749	33487
36.759	33486
36.769	33484
36.779	33485
36.789	33488
36.799	33486
36.809	33487
36.819	33487
36.829	33489
36.839	33489
36.849	33489
36.859	33486
36.869	33486
36.879	33486
36.889	33485
36.899	33486
36.909	33488
36.919	33486
36.929	33488
36.939	33488
36.949	33488
36.959	33488
36.969	33487
36.979	33485
36.989	33488
36.999	33487
37.009	33487
37.019	33485
37.029	33486
37.039	33486
37.049	33490
37.059	33489
37.069	33487
37.079	33487
37.089	33485
37.099	33488
37.109	33486
37.119	33486
37.129	33486
37.139	33487
37.149	33485
37.159	33486
37.169	33486
37.192	33486
37.199	33487
37.209	33487
37.219	33487
37.229	33486
37.239	33486
37.249	33484
37.259	33489
37.269	33485
38.295	33489
38.299	33487
38.310	33482
38.319	33488
38.329	33487
38.339	33488
38.349	33486
38.359	33488
38.369	33484
38.379	33487
38.389	33487
38.399	33487
38.409	33487
38.419	33490
38.429	33488
38.439	33487
38.452	33489
38.459	33485
38.469	33484
38.479	33484
38.489	33483
38.499	33484
38.509	33484
38.519	33487
38.529	33487
38.539	33488
38.549	33490
38.559	33489
38.569	33494
38.579	33488
38.589	33488
38.599	33486
38.609	33486
38.619	33487
38.632	33490
38.639	33485
38.649	33487
38.659	33486
38.669	33488
38.679	33488
38.691	33489
38.700	33488
38.709	33490
38.719	33486
38.729	33486
38.739	33486
38.749	33486
38.759	33486
38.769	33487
38.786	33487
38.792	33490
38.799	33489
38.809	33492
38.819	33492
38.829	33489
38.839	33488
38.849	33484
38.859	33484
38.869	33483
38.879	33481
38.889	33486
38.902	33489
38.909	33490
38.919	33491
38.929	33491
38.939	33487
38.949	33486
38.959	33486
38.969	33487
38.979	33494
38.990	33490
38.999	33490
39.017	33490
39.024	33488
39.033	33483
39.044	33480
39.053	33479
39.060	33478
39.069	33481
39.079	33486
39.089	33492
39.099	33497
39.109	33496
39.119	33498
39.129	33489
39.139	33489
39.149	33482
39.159	33481
39.169	33477
39.179	33480
39.189	33484
39.199	33488
39.209	33490
39.219	33494
39.229	33494
39.239	33491
39.249	33488
39.259	33487
39.269	33486
39.279	33486
39.289	33484
39.299	33489
39.309	33488
39.325	33489
39.330	33489
39.339	33489
39.349	33486
39.359	33487
39.369	33484
39.379	33485
39.389	33487
39.399	33491
39.428	33491
39.434	33491
39.439	33487
39.449	33491
39.459	33487
39.469	33483
39.479	33482
39.489	33483
39.501	33485
39.509	33487
39.523	33486
39.529	33491
39.539	33491
39.549	33492
39.559	33487
39.569	33488
39.579	33485
39.589	33485
39.599	33484
39.609	33486
39.619	33487
39.629	33488
39.639	33489
39.649	33487
39.659	33488
39.669	33485
39.679	33485
39.689	33486
39.699	33489
39.709	33485
39.719	33485
39.729	33488
39.739	33492
39.749	33491
39.759	33489
39.769	33488
39.780	33487
39.789	33486
39.799	33486
39.809	33486
39.819	33487
39.829	33484
39.839	33486
39.849	33490
39.859	33491
39.869	33488
39.887	33488
39.894	33488
39.899	33488
39.909	33486
39.919	33486
39.929	33485
39.939	33489
39.949	33490
39.959	33489
39.969	33488
39.979	33486
39.989	33486
39.999	33486
40.009	33486
40.019	33488
40.029	33488
40.039	33489
40.049	33492
40.059	33488
40.069	33488
40.079	33489
40.089	33487
40.099	33483
40.109	33484
40.119	33485
40.129	33486
40.139	33488
40.149	33487
40.159	33489
40.169	33490
40.179	33490
40.190	33486
40.199	33488
40.210	33486
40.219	33486
40.229	33487
40.239	33489
40.249	33487
40.259	33487
40.269	33488
40.279	33488
40.289	33488
40.299	33486
40.309	33487
40.319	33487
40.329	33480
40.339	33478
40.349	33480
40.359	33488
40.369	33487
40.379	33485
40.389	33498
40.405	33501
40.434	33490
40.445	33489
40.449	33488
40.459	33488
40.469	33481
40.479	33480
40.528	33494
40.574	33486
40.605	33480
40.623	33480
40.634	33484
40.639	33483
40.662	33484
40.671	33484
40.679	33488
40.689	33490
40.699	33493
40.710	33490
40.719	33493
40.729	33496
40.739	33494
40.749	33492
40.759	33489
40.769	33489
40.779	33483
40.789	33481
40.799	33479
40.809	33481
40.819	33482
40.829	33485
40.839	33492
40.849	33494
40.859	33496
40.869	33495
40.879	33497
40.889	33492
40.899	33491
40.909	33488
40.919	33481
40.929	33484
40.939	33484
40.949	33485
40.959	33485
40.969	33489
40.979	33486
40.989	33487
40.999	33488
41.009	33488
41.020	33490
41.029	33491
41.039	33492
41.049	33491
41.059	33489
41.070	33490
41.079	33485
41.089	33483
41.099	33482
41.110	33483
41.119	33482
41.129	33486
41.139	33486
41.149	33491
41.159	33493
41.169	33495
41.180	33495
41.189	33494
41.199	33492
41.209	33491
41.219	33493
41.229	33489
41.239	33485
41.249	33484
41.259	33481
41.269	33479
41.279	33480
41.289	33479
41.299	33483
41.309	33485
41.319	33486
41.329	33488
41.339	33494
41.349	33497
41.359	33499
41.369	33496
41.379	33495
41.389	33490
41.399	33487
41.409	33483
41.419	33482
41.429	33479
41.439	33477
41.449	33483
41.459	33483
41.469	33488
41.479	33489
41.489	33492
41.499	33494
41.510	33496
41.519	33493
41.530	33493
41.539	33489
41.549	33488
41.559	33485
41.569	33484
41.579	33483
41.589	33483
41.599	33481
41.609	33486
41.619	33486
41.629	33487
41.639	33491
41.649	33491
41.659	33493
41.669	33493
41.679	33490
41.689	33491
41.699	33490
41.709	33484
41.719	33484
41.729	33485
41.739	33484
41.749	33482
41.759	33484
41.769	33484
41.779	33487
41.789	33489
41.799	33493
41.809	33491
41.819	33495
41.829	33492
41.839	33492
41.849	33491
41.859	33487
41.869	33486
41.879	33485
41.889	33487
41.899	33485
41.909	33486
41.919	33488
41.929	33487
41.939	33489
41.949	33489
41.959	33488
41.969	33489
41.979	33489
41.989	33488
41.999	33490
42.009	33489
42.019	33487
42.029	33486
42.039	33483
42.049	33485
42.059	33484
42.069	33484
42.079	33486
42.089	33486
42.099	33487
42.109	33488
42.119	33490
42.129	33490
42.140	33491
42.149	33490
42.159	33488
42.169	33487
42.179	33486
42.189	33485
42.199	33487
42.209	33484
42.219	33487
42.229	33489
42.239	33487
42.249	33486
42.259	33486
42.269	33486
42.279	33487
42.289	33489
42.299	33487
42.310	33488
42.319	33488
42.329	33487
42.339	33485
42.349	33483
42.359	33483
42.369	33484
42.380	33485
42.389	33486
42.399	33487
42.409	33486
42.419	33490
42.429	33487
42.439	33488
42.449	33487
42.459	33489
42.469	33487
42.479	33485
42.489	33489
42.499	33485
42.509	33487
42.519	33488
42.529	33486
42.539	33487
42.549	33487
42.573	33488
42.593	33490
42.601	33491
42.609	33489
42.619	33490
42.629	33484
42.639	33488
42.649	33488
42.659	33488
42.669	33487
42.679	33487
42.689	33486
42.699	33487
42.709	33487
42.719	33489
42.729	33488
42.739	33490
42.749	33488
42.759	33487
42.769	33487
42.779	33488
42.789	33486
42.799	33490
42.809	33487
42.819	33486
42.829	33487
42.839	33487
42.849	33489
42.859	33486
42.869	33486
42.879	33485
42.889	33487
42.899	33485
42.909	33487
42.919	33488
42.929	33490
42.939	33486
42.949	33490
42.959	33486
42.969	33487
42.979	33488
42.989	33489
43.001	33487
43.009	33490
43.019	33489
43.029	33488
43.039	33489
43.049	33487
43.059	33490
43.069	33489
43.079	33489
43.089	33484
43.100	33486
43.109	33487
43.119	33487
43.129	33489
43.141	33489
43.153	33489
43.159	33488
43.169	33485
43.179	33486
43.189	33490
43.199	33488
43.209	33488
43.219	33489
43.229	33490
43.239	33486
43.249	33487
43.259	33488
43.269	33489
43.279	33486
43.301	33488
43.318	33490
43.325	33487
43.329	33488
43.339	33489
43.349	33487
43.359	33487
43.369	33489
43.379	33488
43.389	33488
43.399	33489
43.409	33487
43.419	33486
43.429	33486
43.439	33484
43.449	33488
43.459	33487
43.472	33488
43.481	33488
43.489	33488
43.499	33486
43.509	33488
43.520	33488
43.529	33487
43.539	33487
43.549	33487
43.559	33487
43.569	33488
43.579	33487
43.589	33486
43.599	33487
43.609	33490
43.619	33487
43.629	33486
43.639	33490
43.649	33486
43.659	33490
43.669	33489
43.679	33490
43.690	33490
43.699	33488
43.709	33488
43.719	33489
43.729	33490
43.744	33487
43.753	33488
43.774	33487
43.782	33486
43.789	33488
43.799	33490
43.809	33492
43.828	33490
43.831	33491
43.839	33490
43.849	33486
43.859	33489
43.869	33488
43.879	33486
43.889	33487
43.899	33488
43.909	33485
43.919	33488
43.929	33485
43.939	33489
43.949	33489
43.959	33488
43.969	33487
43.979	33488
43.989	33488
43.999	33489
44.009	33487
44.019	33489
44.029	33487
44.039	33486
44.049	33488
44.059	33488
44.069	33489
44.082	33491
44.089	33488
44.099	33484
44.109	33484
44.119	33489
44.129	33487
44.139	33486
44.149	33486
44.159	33486
44.169	33489
44.179	33487
44.189	33489
44.199	33489
44.209	33486
44.219	33486
44.229	33487
44.239	33486
44.249	33489
44.259	33487
44.269	33488
44.279	33488
44.289	33489
44.299	33488
44.309	33487
44.319	33488
44.329	33489
44.339	33487
44.349	33485
44.359	33486
44.369	33490
44.379	33487
44.389	33487
44.399	33486
44.409	33488
44.419	33489
44.429	33487
44.439	33487
44.449	33485
44.459	33488
44.469	33488
44.479	33487
44.489	33486
44.499	33487
44.509	33487
44.519	33488
44.529	33487
44.539	33487
44.549	33487
44.559	33487
44.569	33486
44.579	33488
44.589	33487
44.600	33489
44.609	33488
44.619	33488
44.629	33488
44.639	33490
44.649	33488
44.659	33488
44.669	33492
44.679	33489
44.689	33487
44.699	33486
44.709	33491
44.719	33488
44.729	33487
44.739	33487
44.749	33486
44.759	33487
44.769	33487
44.779	33488
44.789	33488
44.799	33487
44.809	33486
44.819	33487
44.829	33487
44.839	33488
44.849	33490
44.859	33488
44.869	33488
44.879	33485
44.889	33489
44.899	33488
44.909	33487
44.919	33490
44.929	33486
44.939	33484
44.949	33485
44.959	33488
44.969	33487
44.979	33487
44.989	33487
44.999	33485
45.009	33490
45.019	33489
45.029	33486
45.039	33489
45.049	33489
45.059	33486
45.073	33488
45.079	33487
45.089	33487
45.099	33487
45.114	33487
45.119	33487
45.129	33486
45.139	33487
45.149	33486
45.159	33486
45.169	33488
45.179	33486
45.189	33487
45.199	33484
45.209	33488
45.219	33488
45.229	33487
45.239	33485
45.249	33488
45.259	33487
45.269	33489
45.280	33488
45.289	33490
45.299	33486
45.309	33487
45.319	33487
45.329	33488
45.339	33491
45.353	33489
45.359	33491
45.369	33490
45.379	33488
45.389	33488
45.399	33487
45.409	33486
45.419	33487
45.429	33486
45.439	33485
45.449	33487
45.459	33486
45.469	33488
45.479	33486
45.489	33487
45.499	33486
45.509	33489
45.519	33491
45.529	33489
45.539	33487
45.549	33488
45.559	33487
45.569	33489
45.579	33488
45.589	33488
45.599	33485
45.609	33486
45.619	33486
45.629	33485
45.639	33486
45.649	33487
45.659	33488
45.669	33486
45.679	33489
45.689	33488
45.699	33485
45.709	33489
45.719	33486
45.729	33486
45.739	33486
45.749	33485
45.759	33486
45.769	33487
45.779	33486
45.789	33487
45.799	33487
45.809	33488
45.819	33487
45.829	33487
45.839	33486
45.849	33489
45.859	33485
45.869	33486
45.879	33486
45.889	33489
45.899	33485
45.909	33488
45.920	33486
45.929	33483
45.939	33486
45.949	33486
45.959	33486
45.969	33488
45.979	33486
45.989	33487
45.999	33487
46.009	33489
46.019	33489
46.029	33486
46.039	33489
46.049	33487
46.059	33488
46.077	33486
46.083	33487
46.089	33488
46.099	33488
46.109	33489
46.119	33485
46.130	33490
46.139	33487
46.149	33486
46.159	33485
46.169	33487
46.179	33487
46.189	33487
46.199	33489
46.209	33487
46.219	33486
46.229	33487
46.239	33485
46.249	33485
46.259	33487
