# Oscilloscope Data

# Seconds	force_sensor_L.filtered_adc
0.000	33559
0.019	33559
0.023	33560
0.030	33559
0.040	33561
0.050	33559
0.060	33557
0.070	33562
0.080	33557
0.090	33557
0.100	33560
0.110	33562
0.120	33558
0.130	33555
0.140	33561
0.150	33559
0.160	33558
0.170	33560
0.180	33562
0.190	33559
0.200	33562
0.210	33559
0.220	33559
0.230	33561
0.240	33560
0.250	33559
0.260	33561
0.270	33558
0.280	33560
0.290	33559
0.300	33561
0.310	33556
0.320	33558
0.330	33561
0.340	33555
0.350	33560
0.360	33559
0.370	33556
0.380	33559
0.390	33558
0.400	33562
0.410	33557
0.420	33563
0.430	33563
0.440	33562
0.450	33562
0.460	33561
0.470	33562
0.480	33558
0.490	33556
0.500	33562
0.510	33562
0.520	33560
0.530	33558
0.540	33560
0.550	33556
0.560	33558
0.570	33560
0.580	33559
0.590	33558
0.600	33559
0.610	33558
0.620	33561
0.630	33560
0.640	33559
0.652	33559
0.661	33556
0.670	33557
0.680	33557
0.690	33558
0.700	33558
0.710	33558
0.720	33557
0.730	33557
0.740	33558
0.751	33557
0.760	33556
0.770	33560
0.780	33556
0.790	33557
0.800	33556
0.810	33559
0.820	33558
0.830	33555
0.840	33557
0.850	33558
0.860	33554
0.870	33558
0.880	33560
0.890	33555
0.900	33559
0.910	33557
0.920	33556
0.930	33558
0.940	33555
0.950	33554
0.960	33556
0.970	33558
0.980	33557
0.990	33557
1.000	33561
1.010	33563
1.020	33559
1.030	33561
1.040	33561
1.051	33558
1.060	33557
1.070	33561
1.080	33557
1.090	33559
1.100	33559
1.110	33558
1.120	33561
1.130	33558
1.140	33557
1.150	33558
1.160	33561
1.170	33555
1.180	33559
1.190	33558
1.200	33560
1.210	33561
1.220	33561
1.230	33557
1.240	33559
1.250	33564
1.260	33557
1.272	33560
1.281	33556
1.290	33557
1.300	33560
1.310	33555
1.320	33556
1.330	33560
1.340	33558
1.350	33555
1.360	33559
1.370	33560
1.380	33550
1.390	33554
1.400	33562
1.410	33565
1.420	33561
1.430	33563
1.440	33560
1.450	33559
1.460	33560
1.470	33559
1.480	33555
1.490	33553
1.500	33555
1.510	33559
1.520	33561
1.530	33566
1.540	33557
1.550	33562
1.560	33559
1.570	33556
1.580	33549
1.590	33552
1.600	33554
1.610	33555
1.620	33554
1.630	33561
1.640	33566
1.650	33564
1.660	33562
1.670	33556
1.680	33559
1.690	33554
1.700	33550
1.710	33557
1.720	33553
1.730	33556
1.740	33556
1.750	33563
1.760	33562
1.770	33558
1.780	33556
1.790	33553
1.800	33554
1.810	33552
1.820	33555
1.830	33555
1.840	33555
1.850	33558
1.860	33562
1.870	33559
1.880	33563
1.890	33561
1.900	33554
1.910	33556
1.920	33557
1.930	33554
1.940	33555
1.950	33559
1.960	33558
1.970	33561
1.980	33559
1.990	33560
2.000	33555
2.010	33555
2.020	33556
2.030	33556
2.040	33557
2.050	33560
2.060	33560
2.070	33559
2.080	33559
2.090	33556
2.100	33560
2.110	33551
2.120	33553
2.130	33555
2.140	33562
2.150	33557
2.160	33558
2.170	33563
2.180	33559
2.190	33564
2.200	33557
2.210	33552
2.220	33553
2.230	33553
2.240	33554
2.250	33558
2.260	33559
2.270	33558
2.280	33564
2.290	33561
2.300	33557
2.310	33558
2.320	33554
2.330	33555
2.340	33556
2.350	33556
2.360	33557
2.370	33554
2.380	33558
2.390	33561
2.400	33558
2.410	33560
2.420	33559
2.430	33559
2.440	33556
2.450	33560
2.460	33563
2.470	33558
2.480	33556
2.490	33561
2.500	33556
2.510	33557
2.520	33560
2.530	33560
2.540	33559
2.550	33554
2.560	33562
2.570	33560
2.580	33556
2.590	33558
2.600	33556
2.610	33560
2.620	33558
2.630	33554
2.640	33555
2.650	33559
2.660	33558
2.670	33562
2.680	33558
2.690	33557
2.700	33560
2.710	33561
2.720	33565
2.730	33566
2.740	33558
2.750	33555
2.760	33557
2.770	33557
2.780	33559
2.790	33556
2.800	33556
2.810	33556
2.820	33559
2.830	33559
2.840	33560
2.850	33559
2.860	33558
2.870	33559
2.880	33558
2.890	33557
2.900	33556
2.910	33560
2.920	33558
2.930	33559
2.940	33559
2.950	33556
2.960	33559
2.970	33562
2.980	33558
2.994	33559
3.000	33557
3.010	33559
3.025	33561
3.030	33558
3.040	33556
3.050	33556
3.060	33560
3.070	33560
3.080	33557
3.090	33554
3.100	33556
3.110	33557
3.120	33559
3.130	33556
3.140	33560
3.150	33556
3.160	33559
3.170	33556
3.180	33558
3.190	33558
3.200	33557
3.210	33561
3.220	33555
3.230	33557
3.240	33556
3.250	33562
3.260	33557
3.270	33560
3.280	33557
3.290	33560
3.300	33562
3.310	33557
3.320	33557
3.330	33556
3.340	33556
3.350	33556
3.360	33557
3.370	33559
3.380	33563
3.390	33557
3.400	33561
3.410	33557
3.420	33557
3.430	33558
3.440	33559
3.450	33555
3.460	33554
3.470	33560
3.480	33561
3.490	33560
3.500	33557
3.510	33560
3.520	33554
3.530	33553
3.540	33556
3.550	33556
3.560	33559
3.570	33560
3.580	33557
3.590	33557
3.600	33558
3.610	33556
3.620	33556
3.630	33560
3.640	33555
3.650	33561
3.660	33559
3.670	33558
3.680	33560
3.690	33555
3.700	33554
3.710	33558
3.720	33558
3.730	33558
3.740	33556
3.750	33556
3.760	33559
3.770	33555
3.780	33559
3.790	33558
3.800	33559
3.810	33558
3.820	33561
3.830	33560
3.840	33555
3.850	33557
3.860	33555
3.870	33557
3.880	33557
3.890	33554
3.900	33557
3.910	33560
3.920	33558
3.930	33558
3.940	33561
3.950	33556
3.960	33559
3.970	33560
3.980	33556
3.990	33558
4.000	33560
4.010	33563
4.020	33559
4.030	33560
4.040	33558
4.050	33557
4.060	33555
4.070	33555
4.080	33557
4.090	33562
4.100	33561
4.110	33557
4.120	33557
4.130	33563
4.140	33557
4.150	33558
4.160	33561
4.170	33558
4.180	33561
4.190	33557
4.200	33557
4.210	33558
4.220	33558
4.230	33562
4.240	33556
4.251	33555
4.260	33557
4.270	33559
4.280	33557
4.290	33557
4.300	33559
4.310	33551
4.320	33560
4.330	33558
4.340	33556
4.350	33562
4.360	33552
4.370	33558
4.380	33563
4.390	33557
4.400	33558
4.410	33563
4.420	33556
4.430	33558
4.440	33555
4.450	33556
4.460	33560
4.470	33558
4.480	33556
4.490	33560
4.500	33559
4.510	33555
4.520	33561
4.530	33559
4.540	33559
4.550	33562
4.560	33556
4.570	33561
4.580	33559
4.590	33555
4.600	33553
4.610	33557
4.620	33559
4.634	33560
4.640	33560
4.650	33559
4.660	33562
4.670	33558
4.680	33559
4.690	33558
4.700	33557
4.710	33561
4.720	33560
4.730	33559
4.740	33559
4.750	33556
4.760	33558
4.770	33557
4.780	33556
4.790	33562
4.800	33558
4.810	33560
4.820	33557
4.833	33555
4.840	33555
4.850	33558
4.860	33559
4.870	33560
4.880	33555
4.890	33557
4.900	33558
4.910	33562
4.926	33553
4.933	33559
4.940	33561
4.950	33558
4.960	33560
4.970	33560
4.980	33560
4.990	33562
5.000	33559
5.010	33562
5.020	33560
5.030	33561
5.040	33557
5.050	33560
5.060	33557
5.070	33556
5.080	33559
5.090	33559
5.100	33556
5.110	33557
5.120	33562
5.130	33556
5.140	33560
5.150	33564
5.160	33562
5.170	33554
5.180	33560
5.190	33559
5.200	33555
5.210	33558
5.220	33559
5.230	33561
5.240	33559
5.250	33559
5.260	33557
5.270	33558
5.280	33556
5.290	33559
5.300	33559
5.310	33558
5.320	33554
5.330	33555
5.340	33562
5.350	33559
5.360	33553
5.370	33559
5.380	33558
5.390	33559
5.400	33558
5.410	33559
5.420	33561
5.430	33559
5.440	33554
5.450	33558
5.460	33557
5.470	33557
5.480	33558
5.490	33559
5.500	33563
5.510	33566
5.520	33557
5.530	33560
5.540	33560
5.550	33557
5.560	33558
5.570	33558
5.580	33559
5.590	33556
5.600	33557
5.610	33557
5.620	33560
5.630	33558
5.640	33554
5.650	33557
5.660	33554
5.670	33556
5.680	33555
5.690	33557
5.700	33555
5.710	33563
5.720	33553
5.730	33562
5.740	33554
5.750	33557
5.760	33557
5.770	33556
5.780	33559
5.790	33553
5.800	33557
5.810	33558
5.820	33559
5.830	33557
5.840	33555
5.857	33557
5.860	33557
5.870	33556
5.880	33556
5.890	33556
5.900	33554
5.910	33552
5.920	33553
5.930	33553
5.940	33555
5.950	33555
5.960	33560
5.970	33557
5.980	33560
5.990	33553
6.000	33556
6.010	33556
6.020	33556
6.030	33556
6.040	33557
6.050	33558
6.060	33560
6.070	33556
6.080	33560
6.090	33557
6.100	33559
6.110	33559
6.120	33562
6.130	33557
6.140	33558
6.150	33561
6.160	33559
6.170	33560
6.180	33560
6.190	33557
6.200	33555
6.210	33559
6.220	33556
6.230	33556
6.240	33558
6.250	33557
6.260	33558
6.270	33558
6.280	33554
6.290	33555
6.301	33556
6.310	33557
6.320	33553
6.330	33553
6.340	33558
6.350	33556
6.360	33552
6.370	33557
6.380	33559
6.390	33559
6.400	33557
6.410	33556
6.420	33556
6.430	33557
6.440	33558
6.450	33557
6.460	33558
6.470	33556
6.480	33559
6.490	33555
6.500	33556
6.515	33557
6.520	33558
6.530	33556
6.540	33554
6.550	33556
6.560	33558
6.570	33558
6.580	33560
6.590	33563
6.600	33554
6.610	33555
6.620	33559
6.630	33555
6.640	33563
6.650	33560
6.660	33553
6.670	33558
6.680	33556
6.690	33556
6.700	33557
6.710	33558
6.720	33561
6.730	33558
6.740	33556
6.750	33557
6.760	33557
6.770	33558
6.780	33558
6.790	33555
6.800	33561
6.810	33561
6.820	33557
6.830	33559
6.840	33553
6.850	33556
6.860	33561
6.870	33558
6.880	33557
6.890	33556
6.900	33559
6.910	33556
6.920	33558
6.930	33555
6.940	33558
6.950	33559
6.960	33559
6.973	33556
6.980	33554
6.990	33554
7.000	33558
7.010	33554
7.020	33557
7.030	33554
7.040	33560
7.050	33554
7.060	33555
7.070	33553
7.080	33560
7.090	33556
7.100	33561
7.110	33555
7.120	33555
7.130	33558
7.140	33559
7.150	33558
7.160	33557
7.170	33558
7.180	33557
7.190	33559
7.200	33556
7.210	33555
7.220	33558
7.230	33557
7.240	33558
7.250	33560
7.260	33558
7.270	33559
7.280	33558
7.290	33561
7.300	33557
7.310	33558
7.320	33561
7.330	33558
7.340	33558
7.350	33557
7.360	33559
7.370	33556
7.380	33558
7.390	33559
7.400	33557
7.410	33558
7.420	33556
7.430	33559
7.440	33556
7.450	33560
7.460	33555
7.470	33556
7.480	33557
7.490	33557
7.500	33557
7.510	33555
7.520	33558
7.530	33562
7.545	33557
7.550	33561
7.560	33558
7.570	33557
7.580	33557
7.590	33558
7.600	33558
7.610	33558
7.620	33557
7.630	33558
7.640	33558
7.650	33560
7.660	33556
7.670	33558
7.680	33559
7.690	33559
7.700	33556
7.710	33559
7.720	33560
7.732	33554
7.740	33559
7.750	33560
7.760	33557
7.770	33558
7.780	33557
7.790	33557
7.800	33558
7.810	33557
7.820	33559
7.830	33554
7.840	33556
7.850	33555
7.860	33556
7.870	33558
7.880	33562
7.890	33554
7.900	33556
7.910	33557
7.920	33557
7.930	33558
7.940	33560
7.950	33558
7.960	33559
7.970	33555
7.980	33557
7.990	33559
8.000	33556
8.010	33558
8.022	33555
8.030	33556
8.040	33557
8.050	33559
8.060	33558
8.070	33560
8.080	33555
8.090	33559
8.100	33559
8.110	33559
8.120	33560
8.130	33557
8.140	33560
8.150	33557
8.160	33559
8.170	33558
8.180	33556
8.190	33557
8.200	33560
8.210	33562
8.220	33558
8.230	33558
8.240	33558
8.250	33558
8.260	33560
8.270	33559
8.280	33560
8.290	33557
8.300	33556
8.310	33556
8.320	33554
8.330	33553
8.340	33557
8.350	33559
8.360	33559
8.370	33560
8.380	33560
8.390	33559
8.400	33558
8.410	33558
8.420	33558
8.430	33559
8.440	33556
8.450	33560
8.460	33557
8.470	33559
8.480	33559
8.490	33561
8.500	33556
8.510	33556
8.520	33557
8.530	33557
8.540	33559
8.550	33557
8.560	33557
8.570	33557
8.580	33557
8.590	33557
8.600	33557
8.610	33556
8.620	33559
8.630	33557
8.640	33556
8.650	33558
8.660	33556
8.672	33560
8.680	33558
8.690	33559
8.700	33558
8.710	33557
8.720	33558
8.731	33553
8.740	33560
8.750	33559
8.760	33557
8.770	33559
8.780	33559
8.790	33558
8.800	33560
8.810	33555
8.820	33558
8.832	33560
8.840	33559
8.851	33561
8.860	33557
8.870	33560
8.880	33560
8.890	33563
8.900	33558
8.910	33556
8.920	33558
8.930	33559
8.940	33555
8.950	33558
8.960	33559
8.970	33558
8.980	33553
8.990	33559
9.000	33558
9.010	33561
9.020	33558
9.030	33552
9.040	33555
9.050	33557
9.060	33555
9.070	33556
9.080	33560
9.090	33561
9.100	33554
9.110	33557
9.120	33559
9.130	33559
9.140	33562
9.150	33562
9.160	33558
9.170	33562
9.180	33562
9.190	33556
9.200	33558
9.210	33556
9.220	33556
9.230	33557
9.240	33554
9.250	33560
9.260	33554
9.270	33558
9.280	33554
9.290	33553
9.300	33551
9.310	33554
9.320	33558
9.330	33556
9.340	33557
9.350	33559
9.360	33555
9.370	33556
9.380	33559
9.390	33560
9.400	33560
9.410	33557
9.420	33559
9.430	33561
9.440	33559
9.450	33557
9.460	33556
9.470	33557
9.480	33558
9.490	33556
9.500	33556
9.510	33563
9.520	33557
9.530	33558
9.540	33559
9.550	33558
9.560	33562
9.570	33557
9.580	33557
9.590	33562
9.600	33558
9.610	33558
9.620	33560
9.630	33554
9.640	33557
9.650	33558
9.660	33556
9.670	33558
9.680	33558
9.690	33558
9.700	33558
9.710	33560
9.720	33556
9.730	33562
9.740	33558
9.751	33557
9.760	33558
9.772	33561
9.781	33559
9.790	33561
9.800	33557
9.810	33557
9.820	33555
9.830	33555
9.840	33559
9.850	33560
9.860	33558
9.870	33559
9.880	33558
9.890	33555
9.900	33559
9.910	33562
9.920	33560
9.930	33559
9.940	33557
9.950	33557
9.960	33558
9.970	33560
9.980	33561
9.990	33558
10.000	33558
10.010	33562
10.020	33558
10.030	33560
10.040	33559
10.050	33562
10.060	33561
10.070	33559
10.080	33558
10.090	33557
10.100	33559
10.110	33557
10.120	33562
10.130	33558
10.140	33554
10.150	33556
10.160	33556
10.170	33558
10.180	33557
10.190	33558
10.200	33556
10.210	33556
10.220	33559
10.230	33556
10.240	33557
10.250	33559
10.260	33559
10.270	33558
10.280	33555
10.290	33557
10.300	33557
10.310	33559
10.320	33562
10.330	33558
10.340	33559
10.350	33560
10.360	33554
10.370	33554
10.380	33560
10.390	33555
10.400	33558
10.410	33561
10.420	33560
10.430	33557
10.440	33555
10.450	33556
10.460	33561
10.470	33558
10.480	33558
10.490	33559
10.500	33559
10.510	33556
10.520	33556
10.530	33556
10.540	33556
10.551	33554
10.560	33558
10.570	33557
10.580	33558
10.590	33556
10.600	33557
10.610	33551
10.620	33560
10.630	33558
10.640	33556
10.650	33558
10.660	33558
10.671	33560
10.680	33553
10.690	33558
10.700	33553
10.710	33557
10.720	33556
10.730	33559
10.740	33554
10.750	33554
10.760	33554
10.770	33552
10.780	33558
10.790	33556
10.800	33556
10.810	33559
10.820	33557
10.830	33554
10.840	33554
10.850	33561
10.860	33556
10.870	33555
10.880	33556
10.890	33557
10.900	33554
10.910	33553
10.920	33555
10.930	33554
10.940	33553
10.950	33559
10.960	33556
10.970	33561
10.980	33559
10.990	33558
11.000	33557
11.010	33558
11.020	33559
11.030	33555
11.040	33561
11.050	33556
11.060	33557
11.072	33561
11.080	33559
11.090	33555
11.100	33557
11.110	33557
11.120	33563
11.130	33555
11.140	33557
11.150	33557
11.160	33560
11.170	33557
11.180	33555
11.190	33553
11.200	33557
11.210	33558
11.220	33559
11.230	33558
11.240	33558
11.250	33559
11.260	33555
11.270	33559
11.280	33556
11.290	33558
11.300	33559
11.310	33556
11.320	33555
11.330	33560
11.340	33556
11.350	33555
11.360	33558
11.370	33554
11.380	33559
11.390	33560
11.400	33560
11.410	33555
11.420	33558
11.430	33557
11.440	33560
11.450	33556
11.460	33559
11.470	33555
11.480	33556
11.490	33558
11.500	33562
11.510	33554
11.520	33561
11.530	33557
11.540	33557
11.550	33564
11.560	33560
11.570	33559
11.580	33557
11.590	33561
11.600	33558
11.610	33557
11.620	33559
11.630	33558
11.640	33559
11.650	33561
11.660	33558
11.670	33558
11.680	33555
11.690	33555
11.700	33559
11.710	33558
11.720	33560
11.730	33556
11.740	33554
11.750	33562
11.760	33558
11.770	33555
11.780	33558
11.790	33557
11.800	33558
11.810	33560
11.820	33556
11.830	33556
11.840	33561
11.850	33558
11.860	33557
11.870	33559
11.880	33556
11.890	33556
11.900	33558
11.910	33559
11.920	33555
11.930	33556
11.940	33558
11.950	33557
11.960	33559
11.970	33557
11.980	33555
11.990	33556
12.000	33558
12.010	33560
12.020	33559
12.030	33559
12.040	33560
12.050	33557
12.060	33557
12.070	33557
12.080	33559
12.092	33559
12.100	33558
12.110	33557
12.120	33561
12.130	33557
12.140	33556
12.150	33562
12.160	33559
12.170	33560
12.180	33556
12.190	33559
12.200	33559
12.210	33556
12.220	33556
12.230	33556
12.244	33560
12.250	33559
12.260	33559
12.270	33557
12.280	33558
12.290	33556
12.300	33561
12.311	33556
12.322	33558
12.330	33561
12.340	33557
12.350	33558
12.360	33563
12.370	33555
12.380	33556
12.390	33558
12.400	33556
12.410	33559
12.420	33554
12.430	33562
12.440	33562
12.450	33557
12.460	33561
12.470	33555
12.480	33559
12.490	33558
12.500	33558
12.510	33560
12.520	33561
12.530	33556
12.540	33561
12.550	33560
12.560	33556
12.570	33555
12.581	33554
12.590	33560
12.600	33556
12.610	33559
12.620	33558
12.630	33559
12.640	33558
12.650	33559
12.660	33556
12.670	33559
12.680	33561
12.690	33557
12.700	33556
12.710	33554
12.720	33557
12.730	33554
12.740	33555
12.750	33560
12.760	33555
12.770	33555
12.780	33556
12.790	33557
12.800	33555
12.810	33557
12.820	33561
12.830	33561
12.842	33559
12.850	33558
12.860	33559
12.870	33557
12.880	33559
12.890	33555
12.900	33555
12.910	33559
12.920	33561
12.930	33563
12.940	33556
12.950	33559
12.968	33557
12.978	33559
12.986	33555
12.993	33555
13.000	33555
13.010	33555
13.020	33559
13.030	33555
13.040	33558
13.050	33562
13.062	33560
13.071	33556
13.080	33557
13.090	33556
13.100	33555
13.110	33556
13.120	33557
13.130	33557
13.140	33555
13.150	33559
13.160	33555
13.170	33557
13.180	33558
13.190	33559
13.200	33557
13.210	33558
13.220	33558
13.242	33556
13.253	33556
13.261	33557
13.270	33563
13.280	33557
13.290	33556
13.300	33562
13.310	33552
13.320	33556
13.330	33557
13.340	33554
13.350	33547
13.360	33564
13.370	33565
13.380	33563
13.390	33558
13.400	33556
13.410	33562
13.420	33563
13.430	33556
13.440	33543
13.450	33549
13.460	33555
13.470	33566
13.480	33566
13.490	33561
13.500	33566
13.510	33565
13.520	33559
13.530	33556
13.540	33548
13.550	33552
13.560	33553
13.570	33553
13.580	33560
13.590	33564
13.600	33569
13.610	33561
13.623	33560
13.630	33557
13.640	33554
13.650	33553
13.660	33551
13.670	33553
13.680	33555
13.690	33555
13.700	33560
13.710	33563
13.720	33561
13.730	33559
13.740	33556
13.750	33556
13.760	33556
13.770	33555
13.780	33553
13.790	33557
13.800	33555
13.810	33561
13.820	33557
13.830	33560
13.840	33563
13.850	33559
13.860	33553
13.870	33554
13.880	33553
13.890	33553
13.900	33560
13.910	33555
13.920	33562
13.930	33562
13.940	33562
13.950	33562
13.960	33561
13.970	33553
13.980	33553
13.990	33555
14.000	33556
14.010	33555
14.020	33559
14.030	33558
14.040	33565
14.050	33559
14.060	33559
14.070	33557
14.080	33551
14.090	33552
14.100	33554
14.110	33555
14.120	33555
14.130	33559
14.140	33561
14.150	33565
14.160	33559
14.170	33562
14.180	33558
14.190	33557
14.200	33557
14.210	33554
14.220	33561
14.230	33556
14.240	33562
14.250	33563
14.260	33563
14.270	33560
14.280	33555
14.290	33559
14.300	33553
14.310	33560
14.320	33556
14.330	33557
14.340	33557
14.350	33557
14.360	33560
14.370	33560
14.380	33559
14.390	33558
14.400	33558
14.410	33558
14.420	33557
14.430	33559
14.440	33560
14.451	33554
14.460	33557
14.470	33561
14.480	33559
14.490	33559
14.500	33561
14.510	33556
14.520	33559
14.530	33558
14.540	33559
14.550	33561
14.560	33560
14.570	33564
14.580	33561
14.590	33558
14.600	33560
14.610	33561
14.620	33560
14.630	33556
14.640	33557
14.650	33560
14.660	33559
14.670	33561
14.680	33557
14.690	33561
14.700	33558
14.710	33559
14.720	33560
14.730	33559
14.740	33557
14.750	33549
14.760	33566
14.770	33562
14.780	33568
14.790	33565
14.800	33557
14.810	33557
14.820	33562
14.830	33555
14.840	33550
14.850	33549
14.860	33556
14.870	33565
14.880	33564
14.890	33562
14.900	33563
14.910	33563
14.920	33560
14.930	33560
14.940	33552
14.950	33553
14.960	33552
14.970	33552
14.980	33565
14.990	33561
15.000	33560
15.010	33573
15.020	33563
15.030	33557
15.040	33556
15.050	33551
15.060	33552
15.070	33556
15.080	33554
15.090	33557
15.100	33564
15.110	33565
15.120	33562
15.130	33564
15.140	33561
15.150	33556
15.160	33556
15.170	33551
15.180	33554
15.190	33554
15.200	33559
15.210	33559
15.220	33563
15.230	33561
15.240	33559
15.250	33557
15.260	33558
15.270	33553
15.285	33556
15.290	33555
15.300	33554
15.310	33558
15.320	33557
15.330	33562
15.340	33562
15.350	33560
15.360	33557
15.370	33554
15.380	33555
15.390	33551
15.400	33551
15.410	33558
15.420	33557
15.430	33560
15.440	33560
15.450	33555
15.460	33559
15.470	33558
15.480	33552
15.490	33555
15.500	33559
15.510	33559
15.520	33558
15.530	33555
15.540	33560
15.550	33557
15.560	33559
15.570	33559
15.580	33558
15.590	33556
15.600	33557
15.610	33561
15.620	33557
15.630	33560
15.640	33555
15.650	33560
15.660	33561
15.670	33561
15.680	33559
15.690	33555
15.700	33558
15.710	33558
15.720	33557
15.730	33559
15.740	33558
15.750	33559
15.760	33560
15.770	33557
15.780	33557
15.790	33558
15.800	33557
15.810	33556
15.820	33554
15.830	33557
15.840	33557
15.850	33559
15.860	33560
15.870	33560
15.880	33561
15.890	33553
15.900	33556
15.910	33558
15.920	33559
15.930	33554
15.940	33557
15.950	33558
15.960	33558
15.970	33558
15.980	33558
15.990	33557
16.000	33554
16.010	33557
16.020	33557
16.030	33555
16.040	33560
16.050	33557
16.060	33559
16.070	33557
16.080	33558
16.090	33556
16.100	33558
16.110	33555
16.120	33555
16.130	33559
16.140	33557
16.150	33561
16.160	33555
16.170	33557
16.180	33560
16.190	33560
16.200	33557
16.210	33559
16.220	33560
16.230	33560
16.240	33560
16.250	33560
16.260	33556
16.270	33556
16.280	33559
16.290	33558
16.300	33557
16.310	33559
16.320	33559
16.330	33562
16.340	33561
16.350	33559
16.360	33557
16.370	33561
16.380	33554
16.390	33559
16.400	33562
16.410	33557
16.420	33559
16.430	33555
16.440	33556
16.450	33558
16.460	33556
16.470	33555
16.480	33557
16.490	33557
16.500	33561
16.510	33559
16.520	33560
16.530	33559
16.540	33557
16.550	33556
16.560	33560
16.570	33556
16.580	33557
16.590	33561
16.600	33558
16.610	33559
16.620	33556
16.630	33560
16.640	33558
16.650	33558
16.660	33555
16.670	33554
16.680	33557
16.690	33557
16.700	33557
16.710	33557
16.720	33555
16.730	33558
16.740	33560
16.750	33560
16.760	33560
16.770	33560
16.780	33557
16.790	33557
16.800	33555
16.810	33560
16.820	33563
16.831	33558
16.840	33555
16.850	33554
16.860	33555
16.870	33557
16.880	33563
16.890	33557
16.900	33562
16.910	33559
16.920	33559
16.930	33560
16.940	33558
16.951	33557
16.960	33558
16.970	33562
16.980	33561
16.990	33556
17.000	33559
17.010	33557
17.020	33557
17.030	33555
17.040	33561
17.050	33561
17.060	33559
17.070	33561
17.080	33555
17.090	33558
17.100	33560
17.110	33559
17.120	33560
17.130	33557
17.140	33557
17.150	33561
17.160	33561
17.170	33557
17.180	33555
17.190	33555
17.200	33556
17.210	33564
17.220	33558
17.230	33555
17.240	33563
17.250	33556
17.260	33557
17.270	33558
17.280	33561
17.290	33560
17.300	33560
17.310	33558
17.320	33561
17.330	33560
17.340	33561
17.350	33558
17.360	33557
17.370	33557
17.380	33555
17.390	33558
17.400	33558
17.410	33558
17.420	33556
17.430	33558
17.440	33555
17.450	33558
17.460	33554
17.470	33556
17.480	33558
17.490	33557
17.500	33561
17.510	33556
17.520	33558
17.530	33559
17.540	33559
17.550	33564
17.560	33564
17.570	33559
17.580	33555
17.590	33556
17.600	33560
17.610	33563
17.620	33559
17.630	33559
17.640	33555
17.650	33558
17.660	33554
17.670	33557
17.680	33559
17.690	33557
17.700	33560
17.710	33559
17.720	33560
17.730	33560
17.740	33559
17.750	33557
17.760	33559
17.770	33558
17.780	33559
17.790	33560
17.800	33558
17.810	33559
17.820	33554
17.830	33558
17.840	33557
17.850	33559
17.860	33556
17.870	33557
17.880	33558
17.890	33558
17.900	33557
17.910	33555
17.920	33558
17.930	33558
17.940	33559
17.950	33560
17.962	33554
17.972	33557
17.980	33563
17.990	33557
18.000	33560
18.010	33557
18.020	33558
18.030	33557
18.040	33557
18.050	33557
18.060	33554
18.070	33558
18.080	33557
18.090	33562
18.100	33560
18.110	33557
18.120	33557
18.130	33554
18.140	33561
18.150	33557
18.160	33557
18.170	33558
18.180	33557
18.190	33558
18.200	33560
18.210	33559
18.220	33561
18.230	33555
18.240	33555
18.250	33557
18.260	33557
18.270	33555
18.280	33552
18.290	33556
18.300	33557
18.310	33557
18.320	33555
18.330	33553
18.340	33554
18.350	33557
18.360	33556
18.370	33560
18.380	33558
18.390	33555
18.400	33557
18.410	33557
18.420	33556
18.430	33557
18.440	33558
18.452	33558
18.460	33556
18.470	33559
18.480	33555
18.490	33560
18.500	33557
18.510	33559
18.520	33556
18.530	33555
18.540	33557
18.550	33562
18.560	33557
18.570	33561
18.580	33560
18.590	33556
18.600	33560
18.610	33555
18.620	33560
18.630	33557
18.640	33559
18.650	33558
18.660	33560
18.670	33558
18.680	33557
18.690	33554
18.700	33562
18.710	33557
18.720	33559
18.730	33561
18.740	33553
18.756	33556
18.760	33558
18.770	33559
18.780	33558
18.790	33552
18.800	33557
18.810	33559
18.820	33561
18.830	33558
18.840	33561
18.852	33561
18.860	33559
18.870	33559
18.880	33556
18.890	33560
18.900	33558
18.910	33556
18.920	33564
18.930	33556
18.940	33559
18.950	33556
18.960	33555
18.970	33554
18.980	33556
18.990	33556
19.000	33561
19.010	33553
19.020	33559
19.030	33557
19.040	33556
19.050	33557
19.060	33558
19.070	33558
19.080	33557
19.090	33557
19.100	33560
19.110	33558
19.120	33558
19.130	33560
19.140	33558
19.150	33555
19.160	33560
19.170	33557
19.180	33559
19.190	33561
19.200	33559
19.210	33556
19.220	33557
19.230	33556
19.240	33558
19.250	33553
19.260	33557
19.270	33559
19.280	33558
19.290	33558
19.300	33555
19.310	33556
19.320	33559
19.330	33556
19.340	33556
19.350	33560
19.360	33558
19.370	33558
19.380	33557
19.390	33555
19.400	33552
19.410	33559
19.420	33556
19.430	33554
19.440	33556
19.450	33555
19.460	33556
19.470	33552
19.480	33554
19.490	33558
19.500	33558
19.510	33560
19.520	33560
19.530	33556
19.540	33556
19.550	33554
19.560	33556
19.570	33557
19.580	33554
19.590	33555
19.600	33554
19.610	33558
19.620	33557
19.630	33560
19.640	33557
19.650	33559
19.660	33562
19.670	33556
19.680	33556
19.690	33561
19.700	33559
19.710	33558
19.720	33555
19.730	33554
19.740	33554
19.750	33562
19.760	33557
19.770	33559
19.780	33558
19.790	33558
19.800	33557
19.810	33557
19.820	33557
19.830	33558
19.840	33557
19.850	33556
19.860	33556
19.870	33556
19.880	33556
19.890	33553
19.900	33557
19.910	33560
19.920	33557
19.930	33559
19.940	33558
19.950	33561
19.960	33556
19.970	33560
19.980	33558
19.990	33559
20.000	33558
20.010	33556
20.020	33554
20.030	33557
20.040	33560
20.050	33556
20.060	33555
20.070	33556
20.080	33557
20.090	33559
20.100	33557
20.110	33557
20.120	33555
20.130	33558
20.140	33557
20.150	33558
20.160	33559
20.170	33557
20.180	33556
20.190	33559
20.200	33558
20.210	33555
20.220	33557
20.230	33558
20.240	33559
20.250	33555
20.260	33556
20.270	33558
20.280	33560
20.290	33559
20.300	33558
20.310	33558
20.320	33555
20.330	33560
20.340	33558
20.350	33558
20.360	33558
20.370	33558
20.380	33558
20.390	33560
20.400	33557
20.410	33558
20.424	33558
20.430	33553
20.440	33555
20.450	33558
20.460	33558
20.470	33556
20.480	33555
20.490	33559
20.500	33558
20.510	33558
20.520	33555
20.530	33555
20.540	33560
20.550	33557
20.560	33557
20.570	33556
20.580	33558
20.590	33556
20.600	33556
20.610	33558
20.620	33556
20.630	33552
20.640	33555
20.650	33557
20.660	33556
20.670	33555
20.680	33557
20.690	33558
20.700	33559
20.710	33557
20.720	33555
20.730	33558
20.740	33557
20.750	33562
20.760	33555
20.770	33554
20.780	33555
20.790	33558
20.800	33556
20.810	33556
20.820	33558
20.830	33560
20.840	33557
20.850	33557
20.860	33557
20.870	33561
20.880	33560
20.890	33556
20.900	33557
20.910	33554
20.920	33559
20.930	33558
20.940	33556
20.950	33556
20.960	33553
20.970	33556
20.980	33555
20.990	33553
21.000	33559
21.010	33557
21.020	33556
21.030	33558
21.040	33558
21.050	33559
21.060	33558
21.070	33557
21.080	33554
21.090	33559
21.100	33557
21.110	33560
21.120	33555
21.130	33552
21.140	33557
21.150	33558
21.160	33555
21.170	33555
21.180	33558
21.190	33556
21.200	33558
21.210	33558
21.220	33557
21.230	33554
21.241	33560
21.250	33559
21.260	33553
21.270	33553
21.280	33561
21.290	33561
21.300	33556
21.310	33561
21.320	33557
21.330	33559
21.340	33557
21.351	33556
21.360	33557
21.370	33554
21.380	33560
21.390	33557
21.400	33556
21.410	33562
21.420	33559
21.430	33558
21.440	33560
21.450	33554
21.460	33557
21.470	33558
21.480	33554
21.490	33556
21.500	33555
21.513	33561
21.520	33558
21.530	33558
21.540	33560
21.550	33560
21.560	33558
21.574	33558
21.580	33559
21.590	33560
21.600	33559
21.610	33558
21.620	33556
21.630	33556
21.640	33556
21.650	33559
21.660	33559
21.670	33560
21.680	33559
21.690	33561
21.700	33560
21.710	33556
21.720	33556
21.730	33557
21.740	33558
21.750	33552
21.760	33560
21.770	33558
21.780	33557
21.790	33556
21.800	33556
21.810	33554
21.820	33556
21.830	33556
21.840	33555
21.850	33556
21.860	33556
21.870	33559
21.880	33554
21.890	33557
21.900	33555
21.910	33556
21.920	33558
21.930	33555
21.940	33557
21.950	33560
21.960	33557
21.970	33556
21.980	33557
21.990	33557
22.000	33558
22.010	33555
22.020	33560
22.030	33557
22.040	33554
22.050	33553
22.060	33560
22.070	33557
22.080	33554
22.090	33556
22.100	33555
22.110	33555
22.122	33551
22.130	33558
22.140	33553
22.150	33553
22.160	33556
22.170	33560
22.180	33556
22.190	33560
22.200	33555
22.210	33557
22.220	33555
22.230	33556
22.240	33557
22.250	33557
22.260	33558
22.270	33557
22.280	33558
22.290	33557
22.300	33559
22.310	33559
22.320	33555
22.330	33554
22.340	33557
22.350	33553
22.360	33559
22.370	33557
22.380	33554
22.390	33556
22.400	33554
22.410	33554
22.420	33553
22.430	33560
22.440	33556
22.450	33557
22.460	33555
22.470	33557
22.482	33562
22.491	33557
22.500	33560
22.510	33554
22.522	33557
22.533	33555
22.541	33558
22.551	33557
22.562	33559
22.571	33557
22.580	33559
22.590	33556
22.600	33551
22.610	33560
22.620	33557
22.630	33554
22.640	33555
22.650	33556
22.660	33556
22.670	33558
22.680	33557
22.690	33558
22.700	33559
22.710	33556
22.720	33555
22.730	33552
22.740	33555
22.750	33558
22.760	33556
22.770	33554
22.780	33561
22.790	33557
22.800	33556
22.810	33555
22.820	33558
22.830	33557
22.840	33555
22.850	33554
22.860	33554
22.870	33558
22.885	33557
22.890	33553
22.900	33554
22.910	33560
22.920	33556
22.930	33557
22.940	33558
22.950	33559
22.960	33554
22.970	33558
22.980	33559
22.990	33555
23.000	33556
23.010	33554
23.020	33557
23.030	33559
23.040	33555
23.050	33555
23.060	33559
23.075	33556
23.080	33558
23.090	33555
23.100	33556
23.110	33559
23.120	33553
23.130	33558
23.140	33561
23.150	33555
23.160	33555
23.170	33557
23.180	33561
23.190	33560
23.200	33557
23.210	33558
23.220	33560
23.230	33559
23.240	33558
23.250	33557
23.260	33554
23.270	33559
23.280	33557
23.290	33552
23.300	33553
23.310	33557
23.320	33560
23.330	33556
23.340	33558
23.350	33555
23.360	33554
23.370	33555
23.380	33555
23.390	33558
23.400	33560
23.410	33558
23.420	33551
23.430	33556
23.440	33560
23.450	33556
23.460	33556
23.470	33553
23.480	33556
23.490	33555
23.500	33556
23.510	33554
23.520	33555
23.530	33557
23.540	33560
23.550	33557
23.560	33558
23.570	33557
23.580	33557
23.590	33557
23.611	33553
23.620	33554
23.630	33560
23.640	33556
23.650	33557
23.660	33554
23.670	33556
23.680	33555
23.690	33557
23.700	33552
23.710	33554
23.720	33556
23.730	33558
23.740	33556
23.750	33556
23.760	33553
23.770	33556
23.780	33558
23.790	33554
23.800	33554
23.810	33555
23.820	33556
23.830	33556
23.840	33555
23.850	33556
23.860	33561
23.870	33554
23.880	33559
23.890	33556
23.900	33558
23.910	33561
23.920	33562
23.930	33555
23.940	33556
23.950	33553
23.960	33554
23.970	33556
23.980	33556
23.990	33559
24.000	33559
24.010	33556
24.020	33553
24.030	33557
24.040	33558
24.050	33559
24.060	33560
24.070	33559
24.080	33557
24.090	33557
24.100	33554
24.110	33554
24.120	33556
24.130	33555
24.140	33554
24.152	33554
24.160	33556
24.170	33556
24.180	33559
24.190	33558
24.200	33557
24.210	33556
24.220	33555
24.230	33554
24.240	33557
24.250	33556
24.260	33559
24.270	33557
24.280	33558
24.290	33559
24.300	33552
24.310	33558
24.320	33558
24.330	33558
24.340	33557
24.350	33558
24.360	33556
24.370	33558
24.380	33563
24.390	33556
24.400	33556
24.410	33558
24.420	33560
24.430	33558
24.440	33559
24.450	33560
24.460	33555
24.470	33554
24.480	33557
24.490	33560
24.500	33558
24.510	33557
24.520	33558
24.530	33559
24.540	33554
24.550	33557
24.560	33559
24.570	33557
24.580	33561
24.590	33558
24.600	33557
24.610	33560
24.620	33559
24.630	33558
24.640	33555
24.650	33557
24.660	33556
24.670	33558
24.680	33559
24.690	33560
24.700	33555
24.710	33556
24.720	33556
24.730	33554
24.740	33558
24.750	33560
24.760	33557
24.770	33558
24.780	33555
24.790	33557
24.800	33560
24.810	33555
24.820	33557
24.830	33557
24.840	33554
24.850	33556
24.860	33558
24.870	33557
24.880	33557
24.890	33557
24.900	33559
24.910	33553
24.920	33554
24.930	33555
24.940	33558
24.950	33554
24.960	33559
24.970	33556
24.980	33560
24.990	33558
25.000	33560
25.010	33558
25.020	33554
25.030	33556
25.040	33555
25.050	33552
25.060	33556
25.070	33555
25.080	33556
25.090	33555
25.100	33561
25.110	33556
25.120	33559
25.130	33555
25.140	33556
25.150	33556
25.160	33557
25.170	33558
25.180	33560
25.190	33557
25.200	33560
25.210	33556
25.220	33558
25.230	33558
25.240	33554
25.250	33558
25.260	33556
25.270	33558
25.280	33552
25.290	33553
25.300	33554
25.310	33559
25.320	33555
25.330	33552
25.340	33556
25.351	33556
25.360	33556
25.370	33560
25.380	33555
25.390	33557
25.400	33558
25.410	33557
25.420	33559
25.430	33555
25.440	33557
25.450	33554
25.460	33557
25.470	33554
25.480	33556
25.490	33556
25.500	33557
25.510	33559
25.520	33554
25.530	33559
25.540	33553
25.550	33553
25.560	33555
25.570	33556
25.580	33560
25.590	33557
25.600	33554
25.610	33557
25.620	33557
25.630	33559
25.640	33553
25.650	33555
25.660	33558
25.670	33558
25.680	33559
25.690	33556
25.700	33558
25.710	33558
25.720	33557
25.730	33557
25.740	33558
25.750	33558
25.760	33557
25.770	33560
25.780	33555
25.790	33555
25.800	33559
25.810	33556
25.820	33556
25.830	33556
25.840	33553
25.850	33556
25.860	33558
25.870	33556
25.880	33557
25.890	33557
25.900	33555
25.910	33556
25.920	33557
25.930	33558
25.940	33558
25.950	33557
25.960	33556
25.970	33559
25.980	33561
25.990	33556
26.000	33555
26.010	33559
26.020	33559
26.032	33559
26.040	33562
26.050	33561
26.060	33559
26.070	33559
26.080	33558
26.090	33557
26.100	33558
26.110	33559
26.120	33556
26.130	33555
26.140	33557
26.150	33555
26.160	33558
26.170	33558
26.180	33555
26.190	33556
26.200	33554
26.210	33559
26.220	33556
26.230	33560
26.240	33555
26.250	33555
26.260	33555
26.270	33558
26.280	33557
26.290	33557
26.300	33557
26.310	33554
26.320	33558
26.330	33561
26.340	33558
26.350	33554
26.360	33557
26.370	33558
26.380	33558
26.390	33555
26.400	33557
26.410	33560
26.420	33557
26.430	33555
26.440	33561
26.450	33557
26.460	33558
26.470	33559
26.480	33557
26.490	33558
26.500	33559
26.510	33555
26.520	33557
26.530	33562
26.540	33559
26.550	33559
26.560	33563
26.570	33556
26.580	33558
26.590	33555
26.600	33557
26.610	33555
26.620	33560
26.630	33558
26.640	33558
26.650	33555
26.660	33557
26.670	33560
26.680	33556
26.690	33558
26.700	33557
26.710	33557
26.720	33551
26.730	33558
26.740	33556
26.750	33559
26.760	33553
26.770	33558
26.780	33556
26.790	33560
26.800	33556
26.810	33558
26.820	33560
26.830	33556
26.840	33560
26.850	33558
26.860	33559
26.874	33556
26.881	33560
26.890	33557
26.900	33558
26.910	33560
26.920	33556
26.930	33557
26.940	33554
26.950	33560
26.960	33559
26.970	33556
26.980	33560
26.990	33556
27.000	33556
27.010	33556
27.020	33555
27.030	33556
27.040	33558
27.050	33556
27.060	33560
27.070	33556
27.080	33556
27.090	33561
27.100	33555
27.110	33554
27.120	33555
27.130	33555
27.140	33557
27.150	33558
27.160	33556
27.170	33557
27.180	33559
27.190	33557
27.200	33561
27.210	33558
27.220	33558
27.230	33561
27.240	33558
27.250	33557
27.260	33558
27.270	33557
27.280	33556
27.290	33558
27.300	33557
27.310	33559
27.320	33559
27.330	33556
27.340	33560
27.350	33554
27.360	33559
27.370	33557
27.380	33558
27.390	33556
27.400	33555
27.410	33557
27.420	33561
27.430	33554
27.440	33559
27.450	33553
27.460	33557
27.470	33559
27.480	33555
27.490	33561
27.500	33562
27.510	33554
27.520	33557
27.530	33557
27.540	33559
27.550	33561
27.560	33556
27.570	33558
27.580	33556
27.590	33557
27.600	33558
27.610	33555
27.620	33555
27.630	33557
27.640	33559
27.650	33555
27.660	33554
27.670	33558
27.680	33558
27.690	33555
27.700	33559
27.710	33555
27.720	33556
27.730	33559
27.740	33558
27.750	33556
27.760	33558
27.770	33558
27.780	33552
27.790	33557
27.800	33557
27.810	33555
27.820	33551
27.830	33555
27.840	33557
27.850	33556
27.860	33556
27.870	33555
27.880	33557
27.890	33556
27.900	33555
27.910	33556
27.920	33555
27.930	33555
27.940	33557
27.950	33561
27.960	33560
27.970	33558
27.980	33554
27.990	33556
28.000	33560
28.010	33555
28.020	33553
28.030	33557
28.040	33553
28.050	33558
28.060	33556
28.070	33559
28.080	33556
28.090	33558
28.100	33556
28.110	33557
28.120	33557
28.130	33554
28.140	33558
28.150	33557
28.160	33560
28.170	33554
28.180	33558
28.190	33554
28.200	33555
28.210	33557
28.220	33553
28.230	33554
28.240	33557
28.250	33557
28.260	33554
28.270	33560
28.280	33557
28.290	33558
28.300	33557
28.310	33556
28.320	33558
28.330	33558
28.340	33557
28.350	33558
28.360	33552
28.371	33555
28.380	33558
28.390	33553
28.400	33557
28.410	33557
28.420	33555
28.430	33556
28.440	33556
28.450	33557
28.460	33554
28.470	33555
28.480	33555
28.490	33561
28.500	33554
28.510	33556
28.520	33559
28.530	33556
28.540	33557
28.550	33555
28.560	33553
28.570	33555
28.580	33558
28.590	33556
28.600	33556
28.610	33558
28.620	33556
28.630	33561
28.640	33558
28.650	33556
28.660	33554
28.670	33557
28.680	33557
28.690	33558
28.700	33559
28.710	33559
28.720	33557
28.730	33555
28.740	33558
28.750	33560
28.760	33556
28.770	33557
28.780	33554
28.790	33558
28.800	33558
28.811	33559
28.820	33558
28.830	33559
28.840	33560
28.850	33557
28.860	33561
28.872	33556
28.880	33552
28.891	33554
28.900	33558
28.910	33555
28.920	33557
28.930	33555
28.940	33556
28.950	33554
28.960	33559
28.970	33557
28.980	33554
28.990	33561
29.000	33557
29.010	33558
29.020	33558
29.030	33557
29.040	33552
29.050	33555
29.060	33557
29.070	33553
29.080	33557
29.090	33556
29.100	33558
29.110	33556
29.120	33560
29.130	33557
29.140	33558
29.150	33557
29.160	33554
29.170	33557
29.180	33557
29.190	33557
29.200	33559
29.210	33557
29.220	33555
29.230	33559
29.240	33555
29.250	33559
29.260	33555
29.270	33558
29.280	33556
29.292	33562
29.300	33557
29.310	33559
29.320	33556
29.330	33554
29.340	33554
29.350	33559
29.360	33559
29.370	33556
29.380	33556
29.390	33559
29.400	33557
29.410	33558
29.420	33559
29.430	33554
29.440	33558
29.450	33559
29.460	33557
29.470	33556
29.480	33555
29.490	33554
29.500	33557
29.510	33557
29.520	33558
29.530	33558
29.540	33557
29.550	33555
29.560	33560
29.570	33554
29.580	33555
29.590	33558
29.600	33559
29.610	33555
29.620	33558
29.630	33557
29.640	33556
29.650	33555
29.660	33558
29.670	33556
29.680	33556
29.690	33558
29.700	33557
29.710	33555
29.720	33559
29.730	33556
29.740	33557
29.750	33555
29.760	33554
29.770	33555
29.780	33561
29.790	33557
29.800	33555
29.810	33558
29.820	33552
29.830	33554
29.840	33558
29.850	33557
29.860	33560
29.870	33560
29.880	33558
29.890	33559
29.900	33557
29.910	33559
29.920	33557
29.930	33559
29.940	33553
29.950	33560
29.960	33558
29.970	33557
29.980	33556
29.990	33557
30.000	33555
30.010	33555
30.020	33557
30.030	33555
30.040	33556
30.050	33553
30.060	33560
30.070	33555
30.080	33557
30.090	33558
30.100	33556
30.110	33557
30.120	33557
30.130	33557
30.140	33558
30.150	33557
30.160	33558
30.170	33558
30.180	33554
30.190	33555
30.200	33557
30.210	33559
30.220	33555
30.230	33555
30.240	33554
30.250	33556
30.260	33556
30.270	33556
30.280	33550
30.290	33559
30.300	33552
30.310	33559
30.320	33559
30.330	33554
30.340	33556
30.350	33556
30.360	33557
30.370	33554
30.380	33557
30.390	33557
30.400	33556
30.410	33556
30.420	33557
30.430	33556
30.440	33555
30.450	33556
30.460	33554
30.470	33556
30.480	33556
30.490	33553
30.500	33559
30.510	33559
30.520	33553
30.530	33554
30.540	33555
30.550	33557
30.560	33557
30.570	33554
30.580	33556
30.590	33551
30.600	33552
30.610	33552
30.620	33555
30.630	33556
30.640	33554
30.650	33556
30.660	33554
30.670	33555
30.680	33558
30.690	33558
30.700	33559
30.710	33552
30.720	33555
30.730	33556
30.740	33554
30.750	33552
30.760	33558
30.770	33554
30.780	33559
30.790	33557
30.800	33557
30.810	33558
30.820	33558
30.830	33555
30.840	33559
30.850	33557
30.860	33552
30.870	33561
30.880	33554
30.890	33552
30.900	33557
30.910	33561
30.920	33556
30.930	33558
30.940	33556
30.950	33556
30.960	33553
30.970	33556
30.980	33555
30.990	33556
31.000	33558
31.010	33557
31.020	33554
31.030	33556
31.040	33559
31.050	33557
31.060	33556
31.070	33558
31.080	33556
31.090	33555
31.100	33555
31.110	33556
31.120	33552
31.130	33553
31.140	33557
31.150	33554
31.160	33556
31.170	33557
31.180	33556
31.190	33551
31.200	33554
31.210	33555
31.220	33555
31.230	33556
31.240	33556
31.250	33557
31.260	33551
31.270	33553
31.280	33555
31.290	33553
31.300	33553
31.310	33555
31.320	33558
31.330	33557
31.340	33554
31.353	33556
31.360	33555
31.370	33558
31.380	33555
31.390	33558
31.400	33555
31.410	33559
31.420	33555
31.430	33556
31.440	33556
31.450	33557
31.460	33551
31.470	33557
31.480	33557
31.490	33557
31.500	33553
31.512	33560
31.520	33558
31.530	33557
31.541	33554
31.550	33557
31.560	33554
31.570	33554
31.580	33555
31.590	33553
31.600	33554
31.610	33558
31.620	33554
31.630	33548
31.640	33565
31.650	33558
31.660	33561
31.670	33562
31.680	33555
31.690	33556
31.700	33558
31.710	33553
31.720	33556
31.730	33548
31.740	33553
31.750	33555
31.760	33553
31.770	33554
31.780	33562
31.790	33559
31.800	33563
31.810	33562
31.820	33554
31.830	33557
31.840	33554
31.850	33553
31.860	33556
31.870	33555
31.880	33553
31.890	33558
31.900	33557
31.910	33554
31.920	33555
31.930	33560
31.940	33554
31.950	33557
31.960	33554
31.970	33556
31.983	33557
31.990	33558
32.000	33555
32.010	33561
32.020	33554
32.030	33554
32.040	33555
32.054	33552
32.060	33552
32.070	33556
32.080	33555
32.090	33557
32.100	33557
32.110	33556
32.120	33554
32.130	33559
32.145	33556
32.154	33554
32.160	33554
32.170	33560
32.180	33555
32.190	33555
32.200	33557
32.210	33553
32.220	33553
32.230	33554
32.240	33557
32.251	33556
32.260	33558
32.270	33555
32.280	33554
32.290	33557
32.300	33556
32.310	33557
32.320	33560
32.330	33558
32.340	33556
32.350	33560
32.360	33557
32.370	33556
32.380	33555
32.390	33558
32.400	33558
32.410	33555
32.420	33555
32.430	33555
32.440	33556
32.450	33557
32.460	33558
32.470	33558
32.480	33554
32.490	33555
32.500	33553
32.510	33558
32.520	33554
32.530	33556
32.540	33556
32.550	33557
32.560	33555
32.570	33556
32.580	33555
32.590	33557
32.600	33555
32.610	33553
32.620	33554
32.630	33553
32.640	33555
32.650	33558
32.660	33555
32.670	33554
32.680	33556
32.690	33552
32.700	33560
32.710	33555
32.720	33556
32.730	33555
32.740	33558
32.750	33553
32.760	33551
32.770	33555
32.780	33556
32.790	33553
32.800	33556
32.810	33557
32.820	33558
32.830	33555
32.840	33559
32.850	33554
32.860	33556
32.870	33560
32.880	33558
32.890	33556
32.900	33555
32.910	33554
32.920	33555
32.930	33554
32.940	33555
32.950	33557
32.960	33553
32.970	33553
32.980	33554
32.990	33558
33.000	33555
33.010	33553
33.020	33557
33.030	33552
33.040	33552
33.050	33554
33.060	33557
33.070	33554
33.080	33555
33.090	33558
33.100	33555
33.110	33556
33.120	33555
33.130	33556
33.140	33556
33.150	33555
33.160	33558
33.170	33554
33.180	33557
33.190	33556
33.200	33559
33.210	33557
33.220	33557
33.230	33555
33.240	33556
33.250	33558
33.260	33558
33.270	33554
33.280	33553
33.290	33547
33.300	33554
33.310	33552
33.320	33551
33.330	33557
33.340	33556
33.350	33557
33.360	33555
33.370	33559
33.380	33560
33.390	33558
33.400	33557
33.410	33556
33.420	33556
33.430	33554
33.440	33555
33.450	33554
33.460	33556
33.470	33553
33.480	33554
33.490	33556
33.501	33553
33.510	33553
33.520	33558
33.530	33557
33.540	33556
33.550	33555
33.560	33557
33.570	33556
33.580	33554
33.590	33557
33.600	33555
33.610	33559
33.620	33556
33.630	33558
33.640	33549
33.650	33543
33.660	33566
33.670	33544
33.680	33560
33.690	33549
33.700	33556
33.710	33560
33.720	33561
33.730	33552
33.740	33560
33.750	33556
33.760	33551
33.770	33552
33.780	33549
33.790	33549
33.800	33556
33.810	33556
33.820	33564
33.830	33556
33.840	33559
33.850	33561
33.860	33562
33.870	33553
33.880	33558
33.890	33556
33.900	33553
33.910	33557
33.920	33554
33.930	33555
33.940	33558
33.950	33557
33.960	33554
33.970	33557
33.980	33558
33.990	33555
34.000	33557
34.010	33552
34.020	33556
34.030	33558
34.040	33555
34.050	33556
34.060	33555
34.070	33559
34.080	33557
34.090	33556
34.100	33555
34.110	33557
34.120	33554
34.130	33560
34.140	33556
34.150	33556
34.160	33553
34.170	33553
34.180	33558
34.190	33558
34.200	33555
34.210	33556
34.220	33557
34.230	33555
34.240	33555
34.250	33558
34.260	33554
34.270	33558
34.280	33558
34.290	33561
34.300	33557
34.310	33554
34.320	33555
34.330	33556
34.340	33557
34.350	33558
34.360	33558
34.370	33555
34.380	33554
34.390	33552
34.400	33553
34.410	33556
34.420	33552
34.430	33553
34.440	33558
34.450	33554
34.460	33556
34.470	33556
34.480	33557
34.490	33556
34.500	33553
34.510	33554
34.520	33553
34.530	33553
34.540	33552
34.550	33553
34.560	33552
34.570	33556
34.580	33553
34.590	33558
34.600	33555
34.610	33557
34.620	33554
34.630	33557
34.640	33555
34.650	33557
34.660	33557
34.670	33557
34.680	33553
34.690	33556
34.700	33558
34.710	33557
34.720	33559
34.730	33557
34.741	33557
34.750	33556
34.760	33555
34.770	33561
34.780	33558
34.790	33556
34.800	33553
34.810	33555
34.820	33556
34.830	33553
34.840	33555
34.850	33554
34.860	33557
34.870	33552
34.880	33554
34.890	33557
34.900	33554
34.910	33554
34.920	33560
34.930	33552
34.940	33554
34.950	33556
34.960	33553
34.970	33557
34.980	33558
34.990	33554
35.000	33556
35.010	33556
35.020	33556
35.030	33555
35.040	33558
35.050	33551
35.060	33555
35.070	33554
35.080	33554
35.090	33556
35.100	33557
35.110	33556
35.120	33557
35.130	33554
35.140	33554
35.150	33560
35.160	33554
35.170	33554
35.180	33554
35.190	33557
35.200	33554
35.210	33554
35.220	33556
35.230	33557
35.240	33556
35.250	33555
35.260	33552
35.270	33554
35.280	33554
35.290	33555
35.300	33553
35.310	33556
35.320	33557
35.330	33554
35.340	33556
35.350	33555
35.360	33554
35.370	33554
35.380	33556
35.390	33559
35.400	33553
35.410	33553
35.420	33555
35.430	33555
35.440	33552
35.450	33554
35.460	33553
35.470	33553
35.480	33556
35.490	33555
35.500	33556
35.510	33550
35.520	33555
35.530	33560
35.540	33554
35.550	33554
35.560	33556
35.570	33557
35.580	33549
35.590	33553
35.600	33549
35.610	33554
35.620	33557
35.630	33555
35.640	33556
35.650	33554
35.660	33553
35.670	33561
35.680	33556
35.690	33560
35.700	33553
35.710	33557
35.720	33555
35.730	33557
35.740	33559
35.750	33558
35.760	33555
35.770	33557
35.780	33559
35.790	33562
35.800	33556
35.810	33555
35.820	33552
35.830	33558
35.840	33554
35.850	33556
35.860	33554
35.870	33558
35.880	33551
35.890	33558
35.900	33559
35.913	33559
35.920	33556
35.930	33553
35.940	33554
35.950	33556
35.960	33554
35.970	33552
35.980	33557
35.990	33555
36.000	33560
36.010	33559
36.020	33555
36.030	33554
36.040	33552
36.050	33556
36.060	33554
36.070	33554
36.080	33561
36.090	33555
36.100	33551
36.110	33554
36.120	33554
36.130	33556
36.140	33556
36.150	33558
36.160	33555
36.170	33557
36.180	33555
36.190	33557
36.200	33556
36.210	33563
36.220	33555
36.230	33556
36.240	33556
36.250	33557
36.260	33554
36.270	33551
36.280	33555
36.290	33558
36.300	33557
36.310	33558
36.320	33559
36.330	33562
36.340	33556
36.350	33556
36.360	33554
36.370	33554
36.380	33554
36.390	33557
36.400	33552
36.410	33559
36.420	33559
36.430	33555
36.440	33556
36.450	33555
36.460	33557
36.470	33553
36.480	33552
36.490	33555
36.500	33551
36.510	33557
36.520	33555
36.530	33562
36.540	33558
36.550	33554
36.560	33556
36.570	33556
36.580	33552
36.590	33551
36.600	33553
36.610	33552
36.620	33552
36.630	33553
36.640	33557
36.650	33554
36.660	33555
36.670	33558
36.680	33557
36.690	33559
36.700	33552
36.710	33556
36.720	33553
36.730	33554
36.740	33554
36.750	33555
36.760	33555
36.770	33560
36.780	33557
36.790	33555
36.800	33556
36.810	33555
36.820	33556
36.830	33552
36.840	33552
36.850	33555
36.860	33554
36.870	33555
36.880	33560
36.891	33554
36.904	33554
36.910	33553
36.922	33555
36.930	33554
36.940	33556
36.950	33553
36.960	33555
36.970	33557
36.980	33553
36.990	33553
37.000	33553
37.010	33550
37.020	33554
37.030	33553
37.040	33553
37.050	33552
37.060	33555
37.070	33552
37.080	33554
37.090	33553
37.100	33554
37.110	33553
37.120	33559
37.130	33556
37.140	33551
37.150	33551
37.160	33550
37.170	33558
37.180	33555
37.190	33554
37.200	33555
37.210	33555
37.220	33554
37.230	33556
37.240	33553
37.250	33554
37.260	33554
37.270	33550
37.280	33553
37.290	33553
37.300	33554
37.310	33550
37.320	33556
37.330	33555
37.340	33556
37.350	33555
37.360	33554
37.370	33558
37.380	33553
37.390	33556
37.400	33554
37.410	33556
37.420	33557
37.430	33555
37.440	33552
37.450	33557
37.460	33555
37.470	33558
37.480	33559
37.490	33556
37.500	33553
37.510	33551
37.520	33556
37.530	33552
37.540	33558
37.550	33554
37.560	33555
37.570	33552
37.580	33556
37.590	33551
37.600	33554
37.610	33552
37.620	33556
37.630	33557
37.640	33554
37.650	33551
37.660	33557
37.670	33553
37.680	33557
37.690	33557
37.700	33554
37.710	33559
37.720	33556
37.730	33555
37.740	33557
37.750	33555
37.760	33557
37.770	33556
37.780	33556
37.790	33556
37.800	33553
37.810	33557
37.820	33557
37.830	33553
37.840	33556
37.850	33555
37.860	33556
37.870	33555
37.880	33555
37.890	33553
37.900	33554
37.911	33554
37.920	33556
37.930	33558
37.940	33557
37.950	33554
37.960	33558
37.970	33553
37.980	33557
37.990	33554
38.000	33558
38.010	33556
38.020	33557
38.030	33557
38.040	33553
38.050	33558
38.060	33553
38.070	33558
38.080	33557
38.090	33556
38.100	33556
38.110	33556
38.120	33551
38.130	33555
38.140	33553
38.150	33554
38.160	33556
38.170	33553
38.180	33553
38.190	33556
38.200	33552
38.210	33552
38.220	33555
38.230	33558
38.240	33552
38.250	33554
38.260	33553
38.270	33553
38.280	33558
38.290	33554
38.300	33556
38.310	33553
38.320	33557
38.330	33553
38.340	33557
38.350	33553
38.360	33553
38.370	33556
38.380	33550
38.390	33550
38.400	33555
38.410	33554
38.420	33557
38.430	33558
38.440	33557
38.450	33555
38.460	33553
38.470	33556
38.480	33555
38.490	33557
38.500	33552
38.510	33555
38.520	33554
38.530	33553
38.540	33556
38.550	33559
38.560	33556
38.570	33557
38.580	33555
38.590	33553
38.600	33556
38.610	33554
38.620	33554
38.630	33557
38.640	33555
38.650	33551
38.660	33557
