# Oscilloscope Data

# Seconds	force_sensor_L.force_kg
0.000	61.087
0.010	61.087
0.020	61.087
0.030	61.087
0.040	61.087
0.050	61.087
0.060	61.087
0.070	61.087
0.080	61.087
0.090	61.087
0.100	61.087
0.110	61.087
0.120	61.087
0.130	61.087
0.140	61.087
0.150	61.087
0.160	61.087
0.170	61.087
0.180	61.087
0.190	61.087
0.200	61.087
0.210	61.087
0.220	61.087
0.230	61.087
0.240	61.087
0.250	61.087
0.260	61.087
0.272	61.087
0.280	61.087
0.290	61.087
0.300	61.087
0.310	61.087
0.320	61.087
0.330	61.087
0.340	61.087
0.350	61.087
0.360	61.087
0.370	61.087
0.380	61.087
0.390	61.087
0.400	61.087
0.410	61.087
0.420	61.087
0.430	61.087
0.440	61.087
0.450	61.087
0.460	61.087
0.470	61.087
0.480	61.087
0.490	61.087
0.500	61.087
0.510	61.087
0.520	61.087
0.530	61.087
0.540	61.087
0.550	61.087
0.560	61.087
0.570	61.087
0.580	61.087
0.590	61.087
0.600	61.087
0.610	61.087
0.620	61.087
0.630	61.087
0.640	61.087
0.650	61.087
0.660	61.087
0.670	61.087
0.680	61.087
0.690	61.087
0.700	61.087
0.710	61.087
0.720	61.087
0.730	61.087
0.740	61.087
0.750	61.087
0.760	61.087
0.770	61.087
0.780	61.087
0.790	61.087
0.800	61.087
0.810	61.087
0.820	61.087
0.830	61.087
0.840	61.087
0.850	61.087
0.860	61.087
0.870	61.087
0.880	61.087
0.890	61.087
0.900	61.087
0.910	61.087
0.920	61.087
0.930	61.087
0.940	61.087
0.950	61.087
0.960	61.087
0.970	61.087
0.980	61.087
0.990	61.087
1.000	61.087
1.010	61.087
1.020	61.087
1.030	61.087
1.040	61.087
1.050	61.087
1.060	61.087
1.070	61.087
1.080	61.087
1.090	61.087
1.100	61.087
1.110	61.087
1.120	61.087
1.130	61.087
1.140	61.087
1.150	61.087
1.160	61.087
1.170	61.087
1.180	61.087
1.190	61.087
1.200	61.087
1.210	61.087
1.220	61.087
1.230	61.087
1.240	61.087
1.250	61.087
1.260	61.087
1.270	61.087
1.280	61.087
1.290	61.087
1.300	61.087
1.310	61.087
1.320	61.087
1.330	61.087
1.340	61.087
1.350	61.087
1.360	61.087
1.370	61.087
1.380	61.087
1.390	61.087
1.400	61.087
1.410	61.087
1.420	61.087
1.430	61.087
1.440	61.087
1.450	61.087
1.460	61.087
1.470	61.087
1.480	61.087
1.490	61.087
1.500	61.087
1.510	61.087
1.520	61.087
1.530	61.087
1.540	61.087
1.550	61.087
1.560	61.087
1.570	61.087
1.580	61.087
1.590	61.087
1.600	61.087
1.610	61.087
1.620	61.087
1.630	61.087
1.640	61.087
1.650	61.087
1.660	61.087
1.670	61.087
1.680	61.087
1.690	61.087
1.700	61.087
1.710	61.087
1.720	61.087
1.730	61.087
1.740	61.087
1.750	61.087
1.760	61.087
1.770	61.087
1.780	61.087
1.790	61.087
1.800	61.087
1.810	61.087
1.820	61.087
1.830	61.087
1.840	61.087
1.850	61.087
1.860	61.087
1.870	61.087
1.880	61.087
1.890	61.087
1.900	61.087
1.910	61.087
1.920	61.087
1.930	61.087
1.940	61.087
1.950	61.087
1.960	61.087
1.970	61.087
1.980	61.087
1.990	61.087
2.000	61.087
2.010	61.087
2.020	61.087
2.030	61.087
2.040	61.087
2.050	61.087
2.060	61.087
2.070	61.087
2.080	61.087
2.090	61.087
2.100	61.087
2.110	61.087
2.120	61.087
2.130	61.087
2.140	61.087
2.150	61.087
2.160	61.087
2.170	61.087
2.180	61.087
2.190	61.087
2.200	61.087
2.210	61.087
2.220	61.087
2.230	61.087
2.240	61.087
2.250	61.087
2.260	61.087
2.270	61.087
2.280	61.087
2.290	61.087
2.300	61.087
2.310	61.087
2.320	61.087
2.330	61.087
2.340	61.087
2.350	61.087
2.360	61.087
2.370	61.087
2.380	61.087
2.390	61.087
2.400	61.087
2.410	61.087
2.420	61.087
2.430	61.087
2.440	61.087
2.450	61.087
2.460	61.087
2.470	61.087
2.480	61.087
2.490	61.087
2.500	61.087
2.510	61.087
2.520	61.087
2.530	61.087
2.540	61.087
2.550	61.087
2.560	61.087
2.570	61.087
2.580	61.087
2.590	61.087
2.600	61.087
2.610	61.087
2.620	61.087
2.630	61.087
2.640	61.087
2.650	61.087
2.660	61.087
2.670	61.087
2.680	61.087
2.690	61.087
2.700	61.087
2.710	61.087
2.720	61.087
2.730	61.087
2.740	61.087
2.750	61.087
2.760	61.087
2.770	61.087
2.780	61.087
2.790	61.087
2.800	61.087
2.810	61.087
2.820	61.087
2.830	61.087
2.840	61.087
2.850	61.087
2.860	61.087
2.870	61.087
2.880	61.087
2.890	61.087
2.903	61.087
2.910	61.087
2.920	61.087
2.930	61.087
2.940	61.087
2.950	61.087
2.960	61.087
2.970	61.087
2.980	61.087
2.990	61.087
3.000	61.087
3.010	61.087
3.020	61.087
3.030	61.087
3.040	61.087
3.050	61.087
3.060	61.087
3.070	61.087
3.080	61.087
3.090	61.087
3.100	61.087
3.110	61.087
3.120	61.087
3.130	61.087
3.140	61.087
3.150	61.087
3.160	61.087
3.170	61.087
3.180	61.087
3.190	61.087
3.200	61.087
3.210	61.087
3.220	61.087
3.230	61.087
3.240	61.087
3.250	61.087
3.260	61.087
3.270	61.087
3.280	61.087
3.290	61.087
3.300	61.087
3.310	61.087
3.320	61.087
3.330	61.087
3.340	61.087
3.350	61.087
3.360	61.087
3.370	61.087
3.380	61.087
3.390	61.087
3.400	61.087
3.410	61.087
3.420	61.087
3.430	61.087
3.440	61.087
3.450	61.087
3.460	61.087
3.470	61.087
3.480	61.087
3.490	61.087
3.500	61.087
3.510	61.087
3.520	61.087
3.530	61.087
3.540	61.087
3.550	61.087
3.560	61.087
3.570	61.087
3.580	61.087
3.590	61.087
3.600	61.087
3.610	61.087
3.620	61.087
3.630	61.087
3.640	61.087
3.650	61.087
3.660	61.087
3.670	61.087
3.680	61.087
3.690	61.087
3.700	61.087
3.710	61.087
3.720	61.087
3.730	61.087
3.740	61.087
3.750	61.087
3.760	61.087
3.770	61.087
3.780	61.087
3.790	61.087
3.800	61.087
3.810	61.087
3.820	61.087
3.830	61.087
3.840	61.087
3.850	61.087
3.860	61.087
3.870	61.087
3.880	61.087
3.890	61.087
3.900	61.087
3.910	61.087
3.920	61.087
3.930	61.087
3.940	61.087
3.950	61.087
3.960	61.087
3.970	61.087
3.982	61.087
3.990	61.087
4.000	61.087
4.010	61.087
4.020	61.087
4.030	61.087
4.040	61.087
4.050	61.087
4.060	61.087
4.070	61.087
4.080	61.087
4.090	61.087
4.100	61.087
4.110	61.087
4.120	61.087
4.130	61.087
4.140	61.087
4.150	61.087
4.160	61.087
4.170	61.087
4.180	61.087
4.190	61.087
4.200	61.087
4.210	61.087
4.220	61.087
4.230	61.087
4.240	61.087
4.250	61.087
4.260	61.087
4.270	61.087
4.280	61.087
4.290	61.087
4.300	61.087
4.310	61.087
4.320	61.087
4.330	61.087
4.340	61.087
4.350	61.087
4.360	61.087
4.370	61.087
4.380	61.087
4.390	61.087
4.400	61.087
4.410	61.087
4.420	61.087
4.430	61.087
4.440	61.087
4.450	61.087
4.460	61.087
4.470	61.087
4.480	61.087
4.490	61.087
4.500	61.087
4.510	61.087
4.520	61.087
4.530	61.087
4.540	61.087
4.550	61.087
4.560	61.087
4.570	61.087
4.580	61.087
4.590	61.087
4.600	61.087
4.610	61.087
4.620	61.087
4.630	61.087
4.640	61.087
4.650	61.087
4.660	61.087
4.670	61.087
4.680	61.087
4.690	61.087
4.700	61.087
4.710	61.087
4.720	61.087
4.730	61.087
4.740	61.087
4.750	61.087
4.760	61.087
4.770	61.087
4.780	61.087
4.790	61.087
4.800	61.087
4.810	61.087
4.820	61.087
4.830	61.087
4.840	61.087
4.850	61.087
4.860	61.087
4.870	61.087
4.880	61.087
4.890	61.087
4.900	61.087
4.910	61.087
4.920	61.087
4.930	61.087
4.940	61.087
4.950	61.087
4.960	61.087
4.970	61.087
4.980	61.087
4.990	61.087
5.000	61.087
5.010	61.087
5.020	61.087
5.030	61.087
5.040	61.087
5.050	61.087
5.060	61.087
5.070	61.087
5.080	61.087
5.090	61.087
5.100	61.087
5.110	61.087
5.120	61.087
5.130	61.087
5.140	61.087
5.150	61.087
5.160	61.087
5.170	61.087
5.180	61.087
5.190	61.087
5.200	61.087
5.210	61.087
5.220	61.087
5.230	61.087
5.240	61.087
5.250	61.087
5.260	61.087
5.270	61.087
5.280	61.087
5.290	61.087
5.300	61.087
5.310	61.087
5.320	61.087
5.330	61.087
5.340	61.087
5.350	61.087
5.360	61.087
5.372	61.087
5.380	61.087
5.390	61.087
5.400	61.087
5.410	61.087
5.420	61.087
5.430	61.087
5.440	61.087
5.450	61.087
5.460	61.087
5.470	61.087
5.480	61.087
5.490	61.087
5.500	61.087
5.510	61.087
5.520	61.087
5.530	61.087
5.540	61.087
5.550	61.087
5.560	61.087
5.570	61.087
5.580	61.087
5.590	61.087
5.600	61.087
5.610	61.087
5.620	61.087
5.630	61.087
5.640	61.087
5.650	61.087
5.660	61.087
5.670	61.087
5.680	61.087
5.690	61.087
5.700	61.087
5.710	61.087
5.720	61.087
5.730	61.087
5.740	61.087
5.750	61.087
5.760	61.087
5.770	61.087
5.780	61.087
5.790	61.087
5.800	61.087
5.810	61.087
5.820	61.087
5.830	61.087
5.840	61.087
5.850	61.087
5.860	61.087
5.870	61.087
5.880	61.087
5.890	61.087
5.900	61.087
5.910	61.087
5.921	61.087
5.930	61.087
5.940	61.087
5.950	61.087
5.960	61.087
5.970	61.087
5.980	61.087
5.990	61.087
6.000	61.087
6.010	61.087
6.020	61.087
6.030	61.087
6.040	61.087
6.050	61.087
6.060	61.087
6.070	61.087
6.080	61.087
6.090	61.087
6.100	61.087
6.110	61.087
6.120	61.087
6.130	61.087
6.140	61.087
6.150	61.087
6.160	61.087
6.170	61.087
6.180	61.087
6.190	61.087
6.200	61.087
6.210	61.087
6.220	61.087
6.230	61.087
6.240	61.087
6.250	61.087
6.260	61.087
6.270	61.087
6.280	61.087
6.290	61.087
6.300	61.087
6.310	61.087
6.320	61.087
6.330	61.087
6.340	61.087
6.350	61.087
6.360	61.087
6.370	61.087
6.380	61.087
6.390	61.087
6.400	61.087
6.410	61.087
6.420	61.087
6.430	61.087
6.440	61.087
6.450	61.087
6.460	61.087
6.470	61.087
6.480	61.087
6.490	61.087
6.500	61.087
6.510	61.087
6.520	61.087
6.530	61.087
6.540	61.087
6.550	61.087
6.560	61.087
6.570	61.087
6.580	61.087
6.590	61.087
6.600	61.087
6.610	61.087
6.620	61.087
6.630	61.087
6.640	61.087
6.650	61.087
6.660	61.087
6.670	61.087
6.680	61.087
6.690	61.087
6.700	61.087
6.710	61.087
6.720	61.087
6.730	61.087
6.740	61.087
6.750	61.087
6.760	61.087
6.770	61.087
6.780	61.087
6.790	61.087
6.800	61.087
6.810	61.087
6.820	61.087
6.830	61.087
6.840	61.087
6.850	61.087
6.860	61.087
6.870	61.087
6.880	61.087
6.890	61.087
6.900	61.087
6.910	61.087
6.920	61.087
6.930	61.087
6.940	61.087
6.950	61.087
6.960	61.087
6.970	61.087
6.980	61.087
6.990	61.087
7.000	61.087
7.010	61.087
7.020	61.087
7.030	61.087
7.040	61.087
7.050	61.087
7.060	61.087
7.070	61.087
7.080	61.087
7.090	61.087
7.100	61.087
7.110	61.087
7.120	61.087
7.130	61.087
7.140	61.087
7.150	61.087
7.160	61.087
7.170	61.087
7.180	61.087
7.190	61.087
7.200	61.087
7.210	61.087
7.220	61.087
7.230	61.087
7.240	61.087
7.250	61.087
7.260	61.087
7.270	61.087
7.280	61.087
7.292	61.087
7.300	61.087
7.310	61.087
7.320	61.087
7.330	61.087
7.340	61.087
7.350	61.087
7.360	61.087
7.370	61.087
7.380	61.087
7.390	61.087
7.400	61.087
7.410	61.087
7.420	61.087
7.430	61.087
7.440	61.087
7.450	61.087
7.460	61.087
7.470	61.087
7.480	61.087
7.490	61.087
7.500	61.087
7.510	61.087
7.520	61.087
7.530	61.087
7.540	61.087
7.550	61.087
7.560	61.087
7.570	61.087
7.580	61.087
7.590	61.087
7.600	61.087
7.610	61.087
7.620	61.087
7.630	61.087
7.640	61.087
7.650	61.087
7.660	61.087
7.670	61.087
7.680	61.087
7.690	61.087
7.700	61.087
7.710	61.087
7.720	61.087
7.730	61.087
7.740	61.087
7.750	61.087
7.760	61.087
7.770	61.087
7.780	61.087
7.790	61.087
7.800	61.087
7.810	61.087
7.820	61.087
7.832	61.087
7.840	61.087
7.850	61.087
7.860	61.087
7.870	61.087
7.880	61.087
7.890	61.087
7.900	61.087
7.910	61.087
7.920	61.087
7.930	61.087
7.940	61.087
7.950	61.087
7.960	61.087
7.970	61.087
7.980	61.087
7.990	61.087
8.000	61.087
8.010	61.087
8.020	61.087
8.030	61.087
8.040	61.087
8.050	61.087
8.060	61.087
8.070	61.087
8.080	61.087
8.090	61.087
8.100	61.087
8.110	61.087
8.120	61.087
8.130	61.087
8.140	61.087
8.150	61.087
8.160	61.087
8.170	61.087
8.180	61.087
8.190	61.087
8.200	61.087
8.210	61.087
8.220	61.087
8.230	61.087
8.240	61.087
8.250	61.087
8.260	61.087
8.270	61.087
8.280	61.087
8.290	61.087
8.300	61.087
8.310	61.087
8.320	61.087
8.330	61.087
8.340	61.087
8.350	61.087
8.360	61.087
8.370	61.087
8.380	61.087
8.390	61.087
8.400	61.087
8.410	61.087
8.420	61.087
8.430	61.087
8.440	61.087
8.450	61.087
8.460	61.087
8.470	61.087
8.480	61.087
8.490	61.087
8.500	61.087
8.510	61.087
8.520	61.087
8.530	61.087
8.540	61.087
8.550	61.087
8.560	61.087
8.570	61.087
8.580	61.087
8.590	61.087
8.600	61.087
8.610	61.087
8.620	61.087
8.630	61.087
8.640	61.087
8.650	61.087
8.660	61.087
8.670	61.087
8.680	61.087
8.690	61.087
8.700	61.087
8.710	61.087
8.720	61.087
8.730	61.087
8.740	61.087
8.750	61.087
8.760	61.087
8.770	61.087
8.780	61.087
8.790	61.087
8.800	61.087
8.810	61.087
8.820	61.087
8.830	61.087
8.840	61.087
8.850	61.087
8.860	61.087
8.870	61.087
8.880	61.087
8.890	61.087
8.900	61.087
8.910	61.087
8.920	61.087
8.930	61.087
8.940	61.087
8.950	61.087
8.960	61.087
8.970	61.087
8.980	61.087
8.990	61.087
9.000	61.087
9.010	61.087
9.020	61.087
9.030	61.087
9.040	61.087
9.050	61.087
9.060	61.087
9.070	61.087
9.080	61.087
9.090	61.087
9.100	61.087
9.110	61.087
9.120	61.087
9.130	61.087
9.140	61.087
9.150	61.087
9.160	61.087
9.170	61.087
9.180	61.087
9.190	61.087
9.200	61.087
9.210	61.087
9.220	61.087
9.230	61.087
9.240	61.087
9.250	61.087
9.260	61.087
9.270	61.087
9.280	61.087
9.290	61.087
9.300	61.087
9.310	61.087
9.320	61.087
9.330	61.087
9.340	61.087
9.350	61.087
9.360	61.087
9.370	61.087
9.380	61.087
9.390	61.087
9.400	61.087
9.410	61.087
9.420	61.087
9.430	61.087
9.440	61.087
9.450	61.087
9.460	61.087
9.470	61.087
9.480	61.087
9.491	61.087
9.500	61.087
9.510	61.087
9.520	61.087
9.530	61.087
9.540	61.087
9.550	61.087
9.560	61.087
9.570	61.087
9.580	61.087
9.590	61.087
9.600	61.087
9.610	61.087
9.620	61.087
9.630	61.087
9.640	61.087
9.650	61.087
9.660	61.087
9.670	61.087
9.680	61.087
9.690	61.087
9.700	61.087
9.710	61.087
9.720	61.087
9.730	61.087
9.740	61.087
9.750	61.087
9.760	61.087
9.770	61.087
9.780	61.087
9.790	61.087
9.800	61.087
9.810	61.087
9.820	61.087
9.830	61.087
9.840	61.087
9.850	61.087
9.860	61.087
9.870	61.087
9.880	61.087
9.890	61.087
9.900	61.087
9.910	61.087
9.920	61.087
9.930	61.087
9.940	61.087
9.950	61.087
9.960	61.087
9.970	61.087
9.980	61.087
9.990	61.087
10.000	61.087
10.010	61.087
10.020	61.087
10.030	61.087
10.040	61.087
10.050	61.087
10.060	61.087
10.070	61.087
10.080	61.087
10.090	61.087
10.100	61.087
10.110	61.087
10.120	61.087
10.130	61.087
10.140	61.087
10.150	61.087
10.160	61.087
10.170	61.087
10.180	61.087
10.190	61.087
10.200	61.087
10.210	61.087
10.220	61.087
10.230	61.087
10.240	61.087
10.250	61.087
10.260	61.087
10.270	61.087
10.280	61.087
10.290	61.087
10.300	61.087
10.310	61.087
10.320	61.087
10.330	61.087
10.340	61.087
10.350	61.087
10.360	61.087
10.370	61.087
10.380	61.087
10.390	61.087
10.400	61.087
10.410	61.087
10.420	61.087
10.430	61.087
10.440	61.087
10.450	61.087
10.460	61.087
10.470	61.087
10.480	61.087
10.490	61.087
10.500	61.087
10.510	61.087
10.520	61.087
10.530	61.087
10.540	61.087
10.550	61.087
10.560	61.087
10.570	61.087
10.580	61.087
10.590	61.087
10.600	61.087
10.610	61.087
10.620	61.087
10.630	61.087
10.640	61.087
10.650	61.087
10.660	61.087
10.670	61.087
10.680	61.087
10.690	61.087
10.700	61.087
10.710	61.087
10.720	61.087
10.730	61.087
10.740	61.087
10.750	61.087
10.760	61.087
10.770	61.087
10.780	61.087
10.790	61.087
10.800	61.087
10.810	61.087
10.820	61.087
10.830	61.087
10.840	61.087
10.850	61.087
10.860	61.087
10.870	61.087
10.880	61.087
10.890	61.087
10.900	61.087
10.910	61.087
10.920	61.087
10.933	61.087
10.940	61.087
10.950	61.087
10.960	61.087
10.970	61.087
10.980	61.087
10.990	61.087
11.000	61.087
11.010	61.087
11.020	61.087
11.030	61.087
11.040	61.087
11.050	61.087
11.060	61.087
11.070	61.087
11.080	61.087
11.090	61.087
11.100	61.087
11.110	61.087
11.120	61.087
11.130	61.087
11.140	61.087
11.150	61.087
11.160	61.087
11.170	61.087
11.180	61.087
11.190	61.087
11.200	61.087
11.210	61.087
11.220	61.087
11.230	61.087
11.240	61.087
11.250	61.087
11.260	61.087
11.270	61.087
11.280	61.087
11.290	61.087
11.300	61.087
11.310	61.087
11.320	61.087
11.330	61.087
11.340	61.087
11.350	61.087
11.360	61.087
11.370	61.087
11.380	61.087
11.390	61.087
11.400	61.087
11.410	61.087
11.420	61.087
11.430	61.087
11.440	61.087
11.450	61.087
11.460	61.087
11.470	61.087
11.480	61.087
11.490	61.087
11.500	61.087
11.510	61.087
11.520	61.087
11.530	61.087
11.540	61.087
11.550	61.087
11.560	61.087
11.570	61.087
11.580	61.087
11.590	61.087
11.600	61.087
11.610	61.087
11.620	61.087
11.630	61.087
11.640	61.087
11.650	61.087
11.660	61.087
11.670	61.087
11.680	61.087
11.690	61.087
11.700	61.087
11.710	61.087
11.720	61.087
11.730	61.087
11.740	61.087
11.750	61.087
11.760	61.087
11.770	61.087
11.780	61.087
11.790	61.087
11.800	61.087
11.810	61.087
11.820	61.087
11.830	61.087
11.840	61.087
11.850	61.087
11.863	61.087
11.870	61.087
11.880	61.087
11.890	61.087
11.900	61.087
11.910	61.087
11.920	61.087
11.930	61.087
11.940	61.087
11.950	61.087
11.960	61.087
11.970	61.087
11.980	61.087
11.990	61.087
12.000	61.087
12.010	61.087
12.020	61.087
12.030	61.087
12.040	61.087
12.050	61.087
12.060	61.087
12.070	61.087
12.080	61.087
12.090	61.087
12.100	61.087
12.110	61.087
12.120	61.087
12.130	61.087
