# Oscilloscope Data

# Seconds	force_sensor_L.filtered_adc
0.000	33090
0.010	33086
0.020	33090
0.030	33091
0.040	33089
0.050	33091
0.060	33089
0.070	33091
0.080	33087
0.090	33089
0.100	33086
0.110	33089
0.120	33093
0.130	33090
0.140	33093
0.150	33088
0.160	33091
0.170	33084
0.180	33088
0.190	33089
0.200	33087
0.210	33086
0.220	33087
0.230	33086
0.240	33089
0.250	33089
0.260	33091
0.270	33087
0.280	33084
0.290	33088
0.300	33089
0.310	33089
0.320	33084
0.330	33090
0.340	33090
0.350	33089
0.360	33092
0.370	33087
0.380	33087
0.390	33088
0.400	33084
0.410	33089
0.420	33088
0.430	33092
0.440	33083
0.450	33086
0.460	33084
0.470	33088
0.480	33088
0.490	33088
0.500	33088
0.510	33086
0.520	33090
0.530	33086
0.540	33091
0.550	33085
0.560	33091
0.570	33088
0.580	33091
0.590	33090
0.600	33090
0.610	33092
0.620	33090
0.630	33087
0.640	33093
0.650	33088
0.660	33093
0.670	33090
0.680	33089
0.690	33093
0.700	33091
0.710	33093
0.720	33092
0.730	33090
0.740	33088
0.750	33090
0.760	33088
0.770	33090
0.780	33088
0.790	33089
0.800	33087
0.810	33089
0.820	33089
0.830	33090
0.840	33091
0.850	33089
0.860	33089
0.870	33088
0.880	33090
0.890	33092
0.900	33088
0.910	33090
0.920	33086
0.930	33087
0.940	33088
0.950	33086
0.960	33092
0.970	33090
0.980	33088
0.990	33085
1.000	33091
1.010	33090
1.020	33092
1.030	33088
1.040	33091
1.050	33089
1.060	33091
1.070	33095
1.080	33088
1.090	33089
1.100	33089
1.110	33091
1.120	33087
1.130	33086
1.140	33085
1.150	33088
1.160	33083
1.170	33088
1.180	33087
1.190	33088
1.200	33088
1.210	33086
1.220	33095
1.230	33087
1.240	33088
1.250	33088
1.260	33091
1.270	33083
1.280	33088
1.290	33090
1.300	33091
1.310	33093
1.320	33087
1.330	33085
1.340	33087
1.350	33088
1.360	33087
1.371	33088
1.380	33085
1.390	33088
1.400	33089
1.410	33088
1.420	33088
1.430	33089
1.440	33090
1.450	33090
1.460	33089
1.470	33088
1.480	33086
1.490	33090
1.500	33086
1.510	33090
1.520	33088
1.530	33089
1.540	33087
1.550	33090
1.560	33089
1.570	33087
1.580	33088
1.590	33090
1.600	33090
1.610	33085
1.620	33089
1.630	33089
1.640	33089
1.650	33088
1.660	33094
1.670	33090
1.680	33092
1.690	33093
1.700	33088
1.710	33092
1.720	33089
1.730	33089
1.740	33089
1.750	33086
1.760	33091
1.770	33090
1.780	33090
1.790	33089
1.800	33091
1.810	33089
1.820	33094
1.830	33088
1.840	33086
1.850	33091
1.860	33089
1.870	33089
1.880	33085
1.890	33086
1.900	33088
1.910	33090
1.920	33091
1.930	33084
1.940	33091
1.950	33090
1.960	33093
1.970	33092
1.980	33090
1.990	33088
2.000	33086
2.010	33088
2.020	33088
2.030	33094
2.040	33088
2.050	33088
2.060	33086
2.070	33088
2.080	33087
2.090	33091
2.100	33094
2.110	33091
2.120	33091
2.130	33090
2.140	33088
2.150	33089
2.160	33087
2.170	33088
2.180	33090
2.190	33088
2.200	33090
2.211	33088
2.220	33091
2.230	33090
2.240	33092
2.250	33089
2.260	33092
2.270	33090
2.280	33090
2.290	33090
2.300	33090
2.310	33088
2.320	33088
2.330	33090
2.340	33089
2.350	33090
2.360	33094
2.370	33088
2.380	33086
2.390	33093
2.400	33085
2.410	33090
2.420	33089
2.430	33091
2.440	33089
2.450	33087
2.460	33090
2.470	33091
2.480	33091
2.490	33089
2.500	33085
2.510	33088
2.521	33085
2.530	33091
2.540	33089
2.552	33087
2.560	33087
2.570	33087
2.580	33090
2.590	33088
2.600	33092
2.610	33090
2.620	33093
2.630	33091
2.640	33091
2.650	33091
2.660	33087
2.670	33090
2.680	33089
2.690	33087
2.700	33089
2.710	33092
2.720	33089
2.730	33091
2.740	33095
2.750	33090
2.760	33093
2.770	33090
2.780	33091
2.790	33090
2.800	33090
2.810	33089
2.820	33087
2.830	33091
2.840	33087
2.850	33092
2.860	33091
2.870	33088
2.880	33091
2.890	33093
2.900	33088
2.910	33093
2.920	33089
2.930	33091
2.940	33089
2.950	33089
2.960	33090
2.970	33094
2.980	33090
2.990	33091
3.000	33093
3.010	33088
3.020	33090
3.030	33094
3.040	33090
3.050	33091
3.060	33085
3.070	33089
3.080	33089
3.090	33091
3.100	33087
3.110	33092
3.120	33090
3.130	33092
3.140	33088
3.150	33087
3.160	33089
3.170	33090
3.180	33088
3.190	33085
3.200	33091
3.210	33087
3.220	33088
3.230	33090
3.240	33094
3.250	33089
3.260	33092
3.270	33092
3.280	33090
3.290	33089
3.300	33086
3.310	33088
3.320	33089
3.330	33088
3.340	33089
3.350	33084
3.360	33092
3.370	33088
3.380	33089
3.390	33089
3.400	33088
3.410	33089
3.420	33088
3.430	33089
3.440	33093
3.450	33089
3.460	33088
3.470	33087
3.480	33092
3.490	33087
3.500	33090
3.510	33085
3.520	33089
3.530	33088
3.540	33084
3.550	33090
3.560	33090
3.570	33091
3.580	33088
3.590	33089
3.600	33086
3.610	33088
3.620	33091
3.630	33088
3.640	33089
3.650	33093
3.660	33087
3.670	33092
3.680	33088
3.690	33093
3.700	33092
3.710	33090
3.720	33089
3.730	33084
3.740	33088
3.750	33088
3.760	33091
3.770	33086
3.780	33090
3.790	33090
3.800	33090
3.810	33087
3.820	33093
3.830	33090
3.840	33087
3.850	33088
3.860	33090
3.870	33091
3.880	33092
3.890	33086
3.900	33088
3.910	33093
3.920	33089
3.930	33086
3.940	33088
3.950	33087
3.960	33088
3.970	33089
3.980	33085
3.990	33087
4.000	33089
4.010	33090
4.020	33087
4.030	33088
4.040	33089
4.050	33092
4.060	33092
4.070	33089
4.080	33091
4.090	33091
4.100	33084
4.110	33087
4.120	33089
4.130	33089
4.140	33095
4.150	33093
4.160	33093
4.170	33087
4.180	33093
4.190	33092
4.200	33088
4.210	33089
4.220	33093
4.230	33089
4.240	33090
4.250	33086
4.260	33093
4.270	33084
4.280	33087
4.290	33091
4.300	33087
4.310	33093
4.320	33092
4.330	33090
4.340	33088
4.350	33087
4.360	33088
4.370	33088
4.380	33096
4.390	33091
4.400	33090
4.410	33089
4.420	33089
4.430	33087
4.440	33091
4.450	33084
4.460	33087
4.470	33091
4.480	33089
4.490	33092
4.500	33091
4.510	33091
4.520	33089
4.530	33092
4.540	33087
4.550	33087
4.560	33087
4.570	33086
4.580	33090
4.590	33090
4.600	33088
4.610	33087
4.620	33088
4.630	33088
4.640	33086
4.650	33089
4.660	33090
4.670	33091
4.680	33090
4.690	33089
4.700	33092
4.710	33092
4.720	33088
4.730	33089
4.740	33089
4.750	33091
4.760	33093
4.770	33091
4.780	33087
4.790	33090
4.800	33088
4.810	33094
4.820	33092
4.830	33092
4.840	33096
4.850	33092
4.860	33093
4.870	33086
4.880	33091
4.891	33086
4.900	33088
4.910	33095
4.920	33092
4.930	33093
4.940	33091
4.950	33090
4.960	33090
4.970	33088
4.980	33089
4.990	33091
5.000	33088
5.010	33086
5.020	33089
5.030	33089
5.040	33089
5.050	33087
5.060	33091
5.070	33089
5.080	33091
5.090	33089
5.100	33090
5.110	33091
5.120	33090
5.130	33089
5.140	33090
5.150	33089
5.160	33088
5.170	33089
5.180	33091
5.190	33091
5.200	33088
5.210	33089
5.220	33095
5.230	33088
5.240	33090
5.250	33088
5.260	33089
5.270	33086
5.280	33092
5.290	33093
5.300	33086
5.310	33091
5.320	33091
5.330	33087
5.340	33092
5.350	33095
5.360	33088
5.370	33089
5.380	33089
5.390	33091
5.400	33090
5.410	33092
5.420	33088
5.430	33092
5.440	33089
5.450	33092
5.460	33091
5.470	33089
5.480	33088
5.490	33091
5.500	33088
5.510	33090
5.520	33088
5.530	33089
5.540	33089
5.550	33092
5.560	33089
5.570	33090
5.580	33086
5.590	33094
5.600	33087
5.610	33091
5.620	33090
5.630	33093
5.640	33087
5.650	33086
5.660	33092
5.670	33087
5.680	33090
5.691	33092
5.700	33089
5.710	33092
5.720	33087
5.730	33089
5.740	33090
5.750	33089
5.760	33090
5.770	33092
5.780	33094
5.790	33091
5.800	33089
5.810	33085
5.820	33090
5.830	33087
5.840	33092
5.850	33096
5.860	33088
5.870	33089
5.880	33086
5.890	33092
5.900	33085
5.910	33092
5.920	33087
5.930	33093
5.940	33089
5.950	33089
5.960	33096
5.970	33091
5.980	33087
5.990	33090
6.000	33092
6.010	33089
6.020	33091
6.030	33094
6.040	33089
6.050	33089
6.060	33086
6.070	33090
6.080	33089
6.090	33089
6.100	33085
6.110	33085
6.120	33087
6.130	33086
6.140	33091
6.150	33089
6.160	33087
6.170	33089
6.180	33089
6.190	33093
6.200	33092
6.210	33090
6.220	33086
6.232	33087
6.240	33086
6.250	33087
6.260	33091
6.270	33092
6.280	33090
6.290	33088
6.300	33089
6.310	33087
6.320	33087
6.330	33089
6.340	33085
6.350	33090
6.360	33088
6.370	33088
6.380	33089
6.390	33088
6.400	33088
6.410	33087
6.420	33087
6.430	33086
6.440	33089
6.450	33092
6.460	33091
6.472	33090
6.480	33090
6.490	33088
6.500	33090
6.510	33092
6.520	33091
6.530	33090
6.540	33090
6.550	33080
6.560	33102
6.570	33090
6.580	33084
6.590	33084
6.600	33098
6.610	33092
6.620	33088
6.630	33081
6.640	33078
6.650	33092
6.660	33100
6.670	33093
6.680	33093
6.690	33089
6.700	33094
6.710	33086
6.720	33080
6.730	33082
6.740	33079
6.750	33090
6.760	33098
6.770	33091
6.780	33097
6.790	33087
6.800	33084
6.810	33084
6.820	33085
6.830	33080
6.840	33085
6.850	33088
6.860	33092
6.870	33093
6.880	33089
6.890	33086
6.900	33084
6.910	33082
6.920	33089
6.930	33085
6.940	33089
6.950	33086
6.960	33089
6.970	33086
6.980	33089
6.990	33088
7.000	33086
7.010	33092
7.020	33092
7.030	33091
7.040	33091
7.050	33089
7.060	33080
7.070	33085
7.080	33082
7.090	33085
7.100	33093
7.110	33090
7.120	33091
7.130	33091
7.140	33089
7.150	33090
7.160	33086
7.170	33085
7.180	33089
7.190	33089
7.200	33094
7.210	33092
7.220	33085
7.230	33085
7.240	33086
7.250	33090
7.260	33083
7.270	33087
7.280	33089
7.290	33096
7.300	33097
7.310	33089
7.320	33084
7.330	33081
7.340	33084
7.350	33087
7.360	33085
7.370	33089
7.380	33089
7.390	33089
7.400	33091
7.410	33088
7.420	33089
7.430	33083
7.440	33089
7.450	33086
7.460	33091
7.470	33089
7.480	33086
7.490	33087
7.500	33086
7.510	33086
7.520	33091
7.530	33091
7.540	33091
7.550	33090
7.560	33092
7.570	33091
7.580	33087
7.590	33090
7.600	33086
7.610	33089
7.620	33091
7.630	33090
7.640	33092
7.650	33088
7.660	33093
7.670	33086
7.680	33088
7.690	33091
7.700	33088
7.710	33088
7.720	33092
7.730	33095
7.740	33089
7.750	33084
7.760	33087
7.770	33088
7.780	33091
7.790	33094
7.800	33090
7.810	33089
7.820	33090
7.830	33090
7.840	33089
7.850	33088
7.860	33094
7.870	33090
7.880	33091
7.890	33090
7.900	33091
7.910	33092
7.920	33090
7.930	33093
7.940	33094
7.950	33088
7.960	33091
7.970	33090
7.980	33090
7.990	33094
8.000	33087
8.010	33088
8.020	33088
8.030	33087
8.040	33086
8.050	33090
8.060	33093
8.070	33090
8.080	33088
8.090	33087
8.100	33088
8.110	33092
8.120	33088
8.130	33088
8.140	33090
8.150	33087
8.160	33095
8.170	33087
8.180	33087
8.199	33090
8.201	33089
8.210	33089
8.224	33091
8.230	33091
8.240	33088
8.250	33090
8.260	33090
8.270	33090
8.280	33087
8.290	33093
8.300	33089
8.312	33091
8.320	33090
8.333	33089
8.340	33091
8.350	33091
8.360	33089
8.370	33088
8.380	33091
8.390	33091
8.400	33089
8.410	33089
8.420	33086
8.430	33087
8.440	33091
8.450	33089
8.460	33091
8.470	33094
8.480	33089
8.490	33088
8.500	33087
8.510	33091
8.520	33089
8.530	33090
8.540	33088
8.550	33092
8.560	33090
8.570	33091
8.580	33090
8.590	33088
8.600	33088
8.610	33088
8.620	33088
8.630	33088
8.640	33089
8.650	33092
8.660	33092
8.670	33087
8.680	33087
8.690	33086
8.700	33086
8.710	33090
8.720	33086
8.730	33088
8.740	33088
8.750	33091
8.760	33088
8.770	33091
8.780	33090
8.790	33086
8.800	33090
8.810	33088
8.820	33088
8.830	33089
8.840	33086
8.850	33090
8.860	33086
8.870	33091
8.880	33089
8.890	33087
8.900	33091
8.910	33088
8.920	33088
8.930	33088
8.940	33087
8.950	33086
8.960	33087
8.970	33086
8.980	33093
8.990	33087
9.000	33087
9.010	33091
9.020	33087
9.030	33090
9.040	33089
9.050	33084
9.060	33089
9.070	33089
9.080	33091
9.090	33087
9.100	33085
9.110	33090
9.120	33085
9.130	33087
9.140	33085
9.150	33087
9.160	33092
9.170	33090
9.180	33088
9.190	33084
9.200	33088
9.210	33089
9.220	33086
9.230	33085
9.240	33088
9.250	33089
9.260	33085
9.270	33087
9.280	33087
9.290	33086
9.300	33092
9.310	33090
9.320	33090
9.330	33089
9.340	33088
9.350	33092
9.360	33086
9.370	33088
9.380	33091
9.390	33087
9.400	33089
9.410	33087
9.420	33089
9.430	33087
9.440	33092
9.450	33088
9.460	33089
9.470	33089
9.480	33091
9.490	33091
9.500	33092
9.510	33086
9.520	33092
9.530	33091
9.540	33087
9.550	33090
9.560	33088
9.570	33093
9.580	33088
9.590	33089
9.600	33090
9.610	33089
9.620	33081
9.630	33089
9.640	33090
9.650	33090
9.660	33089
9.670	33091
9.680	33088
9.690	33087
9.700	33088
9.710	33093
9.720	33089
9.730	33090
9.740	33090
9.750	33085
9.760	33089
9.770	33091
9.781	33092
9.790	33090
9.800	33088
9.810	33091
9.820	33089
9.830	33090
9.840	33089
9.850	33089
9.860	33088
9.870	33090
9.880	33091
9.890	33091
9.900	33091
9.910	33093
9.920	33086
9.930	33094
9.940	33092
9.950	33089
9.960	33089
9.970	33089
9.980	33089
9.990	33090
10.000	33090
10.010	33088
10.020	33088
10.030	33092
10.040	33089
10.050	33093
10.060	33089
10.070	33093
10.080	33090
10.090	33088
10.100	33089
10.110	33091
10.120	33093
10.130	33089
10.140	33089
10.150	33090
10.160	33087
10.170	33090
10.180	33091
10.190	33086
10.200	33088
10.210	33088
10.220	33089
10.230	33092
10.240	33089
10.250	33091
10.260	33089
10.270	33091
10.280	33089
10.290	33094
10.300	33091
10.310	33092
10.320	33088
10.330	33090
10.340	33090
10.350	33095
10.360	33089
10.370	33089
10.380	33086
10.390	33085
10.400	33093
10.410	33090
10.420	33089
10.430	33088
10.440	33091
10.450	33089
10.460	33089
10.470	33087
10.480	33090
10.490	33090
10.500	33090
10.510	33088
10.520	33084
10.530	33090
10.540	33092
10.550	33087
10.560	33087
10.570	33087
10.580	33086
10.590	33089
10.600	33089
10.610	33090
10.620	33090
10.630	33090
10.640	33091
10.650	33087
10.660	33087
10.670	33091
10.680	33085
10.690	33090
10.700	33088
10.710	33089
10.720	33091
10.730	33087
10.740	33089
10.750	33085
10.760	33091
10.770	33087
10.780	33092
10.790	33087
10.800	33089
10.810	33091
10.820	33088
10.830	33089
10.840	33087
10.850	33088
10.860	33090
10.870	33088
10.880	33092
10.890	33089
10.900	33090
10.910	33089
10.920	33092
10.930	33090
10.940	33086
10.950	33087
10.960	33088
10.970	33093
10.980	33089
10.990	33089
11.000	33093
11.010	33090
11.020	33091
11.030	33086
11.040	33089
11.050	33088
11.060	33090
11.070	33088
11.080	33089
11.090	33092
11.100	33088
11.110	33089
11.120	33089
11.130	33088
11.140	33084
11.150	33090
11.160	33090
11.170	33091
11.180	33087
11.190	33085
11.200	33087
11.210	33089
11.220	33091
11.230	33089
11.240	33089
11.250	33090
11.260	33086
11.270	33090
11.280	33090
11.290	33089
11.300	33089
11.310	33088
11.320	33083
11.330	33090
11.340	33090
11.350	33091
11.360	33087
11.370	33088
11.380	33090
11.390	33089
11.400	33089
11.410	33088
11.420	33087
11.430	33088
11.440	33090
11.450	33088
11.460	33089
11.470	33085
11.480	33089
11.490	33086
11.500	33087
11.510	33088
11.520	33089
11.530	33084
11.540	33089
11.550	33089
11.560	33089
11.570	33088
11.580	33087
11.590	33090
11.600	33087
11.610	33091
11.620	33088
11.630	33086
11.640	33086
11.650	33085
11.660	33087
11.670	33086
11.680	33085
11.690	33088
11.700	33087
11.710	33084
11.720	33085
11.730	33084
11.740	33087
11.750	33089
11.760	33087
11.770	33085
11.780	33092
11.790	33084
11.800	33085
11.810	33086
11.820	33086
11.830	33088
11.840	33088
11.850	33089
11.860	33087
11.870	33085
11.880	33090
11.890	33084
11.900	33086
11.910	33091
11.920	33086
11.930	33088
11.940	33085
11.951	33087
11.960	33088
11.970	33084
11.980	33086
11.990	33085
12.000	33087
12.010	33089
12.020	33093
12.030	33089
12.040	33093
12.050	33085
12.060	33088
12.070	33093
12.080	33091
12.090	33087
12.100	33088
12.110	33088
12.120	33087
12.130	33089
12.140	33089
12.150	33087
12.160	33089
12.170	33089
12.180	33087
12.190	33087
12.200	33089
12.210	33086
12.220	33090
12.230	33089
12.240	33088
12.250	33089
12.260	33089
12.270	33088
12.280	33084
12.290	33084
12.300	33086
12.310	33089
12.320	33093
12.330	33088
12.340	33090
12.350	33088
12.360	33085
12.370	33086
12.380	33089
12.390	33093
12.400	33089
12.410	33089
12.420	33091
12.430	33088
12.440	33091
12.450	33090
12.460	33088
12.470	33086
12.480	33089
12.490	33089
12.500	33088
12.510	33088
12.520	33091
12.530	33089
12.540	33091
12.550	33091
12.560	33083
12.570	33089
12.580	33085
12.590	33085
12.600	33089
12.610	33095
12.620	33091
12.630	33091
12.640	33092
12.650	33087
12.660	33088
12.670	33090
12.680	33088
12.690	33088
12.700	33088
12.710	33092
12.720	33089
12.730	33089
12.740	33091
12.750	33088
12.760	33088
12.770	33090
12.780	33088
12.790	33091
12.800	33087
12.810	33090
12.820	33090
12.830	33090
12.840	33088
12.850	33088
12.860	33088
12.870	33084
12.880	33091
12.890	33093
12.900	33090
12.910	33092
12.920	33091
12.930	33090
12.940	33093
12.950	33089
12.960	33087
12.970	33090
12.980	33088
12.990	33088
13.000	33089
13.010	33090
13.020	33091
13.030	33093
13.040	33091
13.050	33088
13.060	33093
13.070	33089
13.080	33086
13.090	33089
13.100	33091
13.110	33086
13.120	33087
13.130	33088
13.140	33090
13.150	33088
13.160	33092
13.170	33089
13.180	33090
13.190	33089
13.200	33090
13.210	33092
13.220	33092
13.230	33091
13.240	33091
13.250	33086
13.260	33086
13.270	33089
13.280	33092
13.290	33089
13.300	33091
13.310	33085
13.320	33088
13.330	33092
13.340	33091
13.350	33087
13.360	33090
13.370	33090
13.380	33090
13.390	33090
13.400	33093
13.410	33091
13.420	33089
13.430	33088
13.440	33086
13.450	33091
13.460	33088
13.470	33090
13.480	33089
13.490	33092
13.500	33087
13.510	33088
13.520	33092
13.530	33087
13.540	33085
13.550	33085
13.560	33088
13.570	33087
13.580	33087
13.590	33092
13.600	33086
13.610	33088
13.620	33087
13.630	33088
13.640	33086
13.650	33089
13.660	33089
13.670	33089
13.680	33091
13.690	33088
13.700	33086
13.710	33086
13.720	33088
13.730	33088
13.740	33088
13.750	33088
13.760	33088
13.770	33089
13.780	33089
13.790	33089
13.800	33085
13.810	33086
13.820	33091
13.830	33095
13.840	33087
13.850	33085
13.860	33086
13.870	33084
13.880	33086
13.890	33090
13.900	33089
13.910	33086
13.920	33090
13.930	33088
13.940	33086
13.950	33088
13.960	33086
13.970	33092
13.980	33088
13.990	33086
14.000	33083
14.010	33086
14.020	33086
14.030	33094
14.040	33090
14.050	33088
14.060	33090
14.070	33089
14.080	33085
14.090	33089
14.100	33083
14.110	33092
14.120	33088
14.130	33087
14.140	33091
14.150	33089
14.160	33084
14.170	33088
14.180	33090
14.190	33088
14.200	33092
14.210	33091
14.220	33092
14.230	33090
14.240	33089
14.250	33087
14.260	33089
14.270	33088
14.280	33091
14.290	33088
14.300	33089
14.310	33084
14.320	33084
14.330	33086
14.340	33092
14.350	33085
14.360	33090
14.370	33090
14.380	33088
14.390	33088
14.400	33092
14.410	33088
14.420	33088
14.430	33086
14.440	33089
14.450	33089
14.460	33085
14.470	33090
14.480	33088
14.490	33087
14.500	33090
14.510	33091
14.520	33091
14.530	33087
14.540	33089
14.550	33089
14.560	33088
14.570	33088
14.580	33085
14.590	33087
14.600	33088
14.610	33089
14.620	33088
14.630	33088
14.640	33087
14.650	33087
14.660	33091
14.670	33090
14.680	33091
14.690	33090
14.700	33090
14.710	33089
14.720	33090
14.730	33091
14.740	33087
14.750	33090
14.760	33091
14.770	33090
14.780	33087
14.790	33089
14.800	33091
14.810	33084
14.820	33088
14.830	33088
14.840	33091
14.850	33088
14.860	33086
14.870	33087
14.880	33091
14.890	33090
14.900	33085
14.910	33085
14.920	33088
14.930	33090
14.940	33088
14.950	33086
14.960	33087
14.970	33087
14.980	33088
14.990	33093
15.000	33093
15.010	33090
15.020	33092
15.030	33090
15.040	33090
15.050	33092
15.060	33088
15.070	33090
15.080	33091
15.090	33088
15.100	33089
15.110	33090
15.120	33089
15.130	33087
15.140	33092
15.150	33090
15.160	33088
15.170	33089
15.180	33089
15.190	33091
15.200	33092
15.210	33085
15.220	33089
15.230	33088
15.240	33091
15.250	33088
15.260	33087
15.270	33089
15.280	33087
15.290	33090
15.300	33090
15.310	33087
15.320	33090
15.330	33091
15.340	33085
15.350	33089
15.360	33090
15.370	33085
15.380	33088
15.390	33085
15.400	33095
15.410	33089
15.420	33088
15.430	33088
15.440	33090
15.450	33090
15.460	33092
15.470	33088
15.480	33087
15.490	33089
15.500	33090
15.510	33088
15.520	33084
15.530	33091
15.540	33087
15.550	33090
15.560	33090
15.570	33090
15.580	33091
15.590	33090
15.600	33087
15.610	33088
15.620	33090
15.630	33092
15.640	33090
15.650	33088
15.660	33091
15.670	33086
15.680	33088
15.690	33088
15.700	33090
15.710	33088
15.720	33095
15.730	33090
15.740	33091
15.750	33087
15.760	33087
15.770	33093
15.780	33084
15.790	33091
15.800	33083
15.810	33089
15.820	33087
15.830	33088
15.840	33090
15.850	33086
15.860	33091
15.870	33089
15.880	33085
15.890	33091
15.900	33089
15.910	33091
15.920	33086
15.930	33089
15.940	33089
15.950	33085
15.960	33089
15.970	33091
15.980	33089
15.990	33091
16.000	33086
16.010	33088
16.020	33086
16.030	33091
16.040	33093
16.050	33089
16.060	33090
16.070	33085
16.080	33087
16.090	33090
16.100	33086
16.110	33091
16.120	33089
16.130	33088
16.140	33091
16.150	33091
16.160	33089
16.170	33090
16.180	33087
16.190	33087
16.200	33088
16.210	33089
16.220	33087
16.230	33085
16.240	33091
16.250	33089
16.260	33090
16.270	33087
16.280	33090
16.290	33091
16.300	33084
16.310	33085
16.320	33088
16.330	33086
16.340	33091
16.350	33088
16.360	33091
16.370	33090
16.380	33089
16.390	33087
16.400	33088
16.410	33089
16.420	33086
16.430	33090
16.440	33086
16.450	33090
16.460	33084
16.470	33088
16.480	33093
16.490	33092
16.500	33085
16.510	33088
16.520	33094
16.530	33087
16.540	33091
16.550	33092
16.560	33092
16.570	33093
16.580	33092
16.590	33089
16.600	33090
16.610	33089
16.620	33091
16.630	33090
16.640	33093
16.650	33089
16.660	33086
16.670	33090
16.680	33088
16.690	33090
16.700	33086
16.710	33087
16.720	33087
16.730	33092
16.740	33087
16.750	33084
16.760	33089
16.770	33086
16.780	33091
16.790	33087
16.800	33088
16.810	33089
16.820	33088
16.830	33092
16.840	33091
16.850	33090
16.860	33087
16.870	33091
16.880	33087
16.890	33085
16.900	33088
16.910	33089
16.920	33089
16.930	33090
16.940	33092
16.950	33090
16.960	33090
16.970	33086
16.980	33088
16.990	33092
17.000	33088
17.010	33089
17.020	33091
17.030	33090
17.040	33094
17.050	33089
17.060	33087
17.070	33090
17.080	33087
17.090	33087
17.100	33087
17.110	33085
17.120	33087
17.130	33093
17.140	33089
17.150	33084
17.160	33090
17.170	33090
17.180	33094
17.190	33090
17.200	33090
17.210	33088
17.220	33091
17.230	33086
17.240	33089
17.250	33085
17.260	33090
17.270	33089
17.280	33088
17.290	33089
17.300	33095
17.310	33090
17.320	33089
17.330	33088
17.340	33092
17.350	33090
17.360	33089
17.370	33090
17.380	33095
17.390	33089
17.400	33088
17.410	33091
17.420	33087
17.430	33085
17.440	33088
17.450	33089
17.460	33091
17.470	33092
17.480	33091
17.490	33090
17.500	33090
17.510	33089
17.520	33089
17.530	33090
17.540	33093
17.550	33090
17.560	33089
17.570	33093
17.580	33090
17.590	33092
17.600	33090
17.610	33087
17.620	33086
17.630	33087
17.640	33091
17.650	33089
17.660	33088
17.670	33087
17.680	33086
17.690	33093
17.700	33089
17.710	33090
17.720	33093
17.730	33085
17.740	33091
17.750	33089
17.760	33094
17.770	33093
17.780	33089
17.790	33091
17.800	33089
17.810	33089
17.820	33092
17.830	33089
17.840	33086
17.850	33087
17.860	33091
17.870	33090
17.880	33088
17.890	33092
17.900	33093
17.910	33090
17.920	33089
17.930	33090
17.940	33090
17.950	33094
17.960	33091
17.970	33091
17.980	33089
17.990	33092
18.000	33089
18.010	33088
18.020	33088
18.030	33089
18.040	33089
18.050	33087
18.060	33092
18.070	33087
18.080	33092
18.090	33090
18.100	33090
18.110	33088
18.120	33087
18.130	33089
18.140	33087
18.150	33088
18.160	33090
18.170	33087
18.180	33088
18.190	33086
18.200	33086
18.210	33088
18.220	33088
18.230	33092
18.240	33089
18.250	33088
18.260	33090
18.270	33088
18.280	33088
18.290	33086
18.300	33090
18.310	33087
18.320	33089
18.330	33088
18.340	33089
18.350	33087
18.360	33088
18.370	33087
18.380	33088
18.390	33089
18.400	33090
18.410	33092
18.420	33089
18.430	33087
18.440	33088
18.450	33089
18.460	33088
18.470	33088
18.480	33089
18.490	33085
18.500	33085
18.510	33089
18.520	33089
18.530	33090
18.540	33089
18.550	33086
18.560	33085
18.570	33086
18.580	33089
18.590	33093
18.600	33089
18.610	33089
18.620	33088
18.630	33090
18.640	33086
18.650	33087
18.660	33090
18.670	33093
18.680	33089
18.690	33091
18.700	33087
18.710	33087
18.720	33092
18.730	33090
18.740	33088
18.750	33090
18.760	33089
18.770	33092
18.780	33086
18.790	33091
18.800	33089
18.810	33090
18.820	33086
18.830	33086
18.840	33089
18.850	33085
18.860	33089
18.870	33088
18.880	33087
18.890	33089
18.900	33087
18.910	33089
18.920	33085
18.930	33092
18.940	33086
18.950	33088
18.960	33088
18.970	33088
18.980	33087
18.990	33088
19.000	33089
19.010	33087
19.020	33092
19.030	33087
19.040	33089
19.050	33087
19.060	33088
19.070	33087
19.080	33087
19.090	33089
19.100	33083
19.110	33088
19.120	33091
19.130	33089
19.140	33089
19.150	33092
19.160	33089
19.170	33092
19.180	33087
19.190	33092
19.200	33090
19.210	33091
19.220	33087
19.230	33089
19.240	33087
19.250	33092
19.260	33088
19.270	33091
19.280	33094
19.290	33093
19.300	33089
19.310	33092
19.320	33090
19.330	33090
19.340	33091
19.350	33090
19.360	33090
19.370	33089
19.380	33086
19.390	33087
19.400	33090
19.410	33092
19.420	33091
19.430	33092
19.440	33093
19.450	33092
19.460	33089
19.471	33090
19.480	33089
19.490	33087
19.500	33089
19.510	33091
19.520	33088
19.530	33090
19.540	33087
19.550	33092
19.560	33090
19.570	33090
19.580	33085
19.590	33086
19.600	33090
19.610	33093
19.620	33087
19.630	33088
19.640	33090
19.650	33088
19.660	33087
19.670	33089
19.680	33090
19.690	33091
19.700	33088
19.710	33084
19.720	33088
19.730	33089
19.740	33087
19.750	33087
19.760	33089
19.770	33093
19.780	33084
19.790	33084
19.800	33087
19.810	33090
19.820	33092
19.830	33089
19.840	33086
19.850	33087
19.860	33092
19.870	33088
19.880	33087
19.890	33085
19.900	33092
19.910	33089
19.920	33088
19.930	33092
19.940	33087
19.950	33084
19.960	33083
19.970	33088
19.980	33085
19.990	33087
20.000	33088
20.010	33085
20.020	33091
20.030	33085
20.040	33088
20.050	33088
20.060	33089
20.070	33088
20.080	33088
20.090	33085
20.100	33090
20.110	33088
20.120	33091
20.130	33088
20.140	33090
20.150	33089
20.160	33086
20.170	33091
20.180	33082
20.190	33084
20.200	33089
20.210	33088
20.220	33088
20.230	33087
20.240	33091
20.250	33094
20.260	33085
20.270	33089
20.280	33092
20.290	33091
20.300	33085
20.310	33084
20.320	33090
20.330	33088
20.340	33086
20.350	33087
20.360	33089
20.370	33088
20.380	33088
20.390	33087
20.400	33087
20.410	33089
20.420	33086
20.430	33090
20.440	33088
20.450	33090
20.460	33085
20.470	33088
20.480	33087
20.490	33083
20.500	33091
20.510	33094
20.520	33088
20.530	33091
20.540	33086
20.550	33084
20.560	33089
20.570	33091
20.580	33083
20.590	33090
20.600	33090
20.610	33093
20.620	33091
20.630	33092
20.640	33091
20.650	33092
20.660	33086
20.670	33088
20.680	33087
20.690	33086
20.700	33086
20.710	33087
20.720	33088
20.730	33089
20.740	33087
20.750	33088
20.760	33090
20.770	33087
20.780	33089
20.790	33089
20.800	33086
20.810	33089
20.820	33089
20.830	33090
20.840	33088
20.850	33086
20.860	33089
20.870	33086
20.880	33092
20.890	33091
20.900	33090
20.910	33088
20.920	33089
20.930	33090
20.940	33086
20.950	33089
20.960	33087
20.970	33091
20.980	33091
20.990	33090
21.000	33090
21.010	33090
21.020	33093
21.030	33092
21.040	33092
21.050	33091
21.060	33090
21.070	33085
21.080	33088
21.090	33088
21.100	33086
21.110	33086
21.120	33089
21.130	33088
21.140	33090
21.150	33088
21.160	33087
21.170	33084
21.180	33087
21.190	33088
21.200	33087
21.210	33085
21.220	33087
21.230	33089
21.240	33088
21.250	33084
21.260	33089
21.270	33087
21.280	33088
21.290	33093
21.300	33089
21.310	33089
21.320	33091
21.330	33089
21.340	33091
21.350	33086
21.360	33088
21.370	33088
21.380	33090
21.390	33088
21.400	33089
21.410	33088
21.420	33088
21.430	33093
21.440	33089
21.450	33087
21.460	33088
21.470	33090
21.480	33092
21.490	33088
21.500	33087
21.510	33088
21.520	33088
21.530	33084
21.540	33088
21.550	33087
21.560	33088
21.570	33088
21.580	33089
21.590	33088
21.600	33086
21.610	33089
21.621	33091
21.630	33091
21.640	33091
21.650	33088
21.660	33085
21.670	33089
21.680	33088
21.690	33087
21.700	33088
21.710	33089
21.720	33089
21.730	33086
21.740	33088
21.750	33085
21.760	33087
21.770	33090
21.780	33087
21.790	33089
21.800	33089
21.810	33089
21.820	33090
21.830	33094
21.840	33089
21.850	33088
21.860	33084
21.870	33089
21.881	33093
21.890	33089
21.900	33088
21.910	33090
21.920	33091
21.930	33090
21.940	33092
21.950	33091
21.960	33088
21.970	33092
21.980	33089
21.990	33087
22.000	33089
22.010	33087
22.020	33085
22.030	33089
22.040	33089
22.050	33091
22.060	33087
22.070	33086
22.080	33089
22.090	33090
22.100	33087
22.110	33090
22.120	33089
22.130	33089
22.140	33089
22.150	33087
22.160	33087
22.170	33092
22.180	33090
22.190	33089
22.200	33089
22.210	33086
22.220	33089
22.230	33091
22.240	33089
22.250	33084
22.260	33087
22.270	33090
22.280	33087
22.290	33087
22.300	33087
22.310	33090
22.320	33086
22.330	33087
22.340	33093
22.350	33086
22.360	33091
22.370	33085
22.380	33086
22.390	33086
22.400	33090
22.410	33085
22.420	33087
22.430	33084
22.440	33090
22.450	33091
22.460	33085
22.470	33087
22.480	33090
22.490	33086
22.500	33093
22.510	33084
22.520	33087
22.530	33093
22.540	33089
22.550	33089
22.560	33088
22.570	33090
22.580	33089
22.590	33091
22.600	33089
22.610	33088
22.620	33089
22.630	33088
22.640	33087
22.650	33086
22.660	33091
22.670	33087
22.680	33091
22.690	33086
22.700	33092
22.710	33089
22.720	33085
22.730	33086
22.740	33088
22.750	33091
22.760	33089
22.770	33089
22.780	33087
22.790	33087
22.800	33089
22.810	33087
22.820	33089
22.830	33089
22.840	33092
22.850	33087
22.860	33090
22.870	33091
22.880	33085
22.890	33090
22.900	33088
22.910	33088
22.920	33088
22.930	33089
22.940	33087
22.950	33087
22.960	33087
22.970	33088
22.980	33089
22.990	33092
23.000	33089
23.010	33092
23.020	33089
23.030	33089
23.040	33088
23.050	33087
23.060	33089
23.070	33091
23.080	33085
23.090	33089
23.100	33090
23.110	33085
23.120	33089
23.130	33086
23.140	33085
23.150	33086
23.160	33087
23.170	33090
23.180	33088
23.190	33087
23.200	33093
23.210	33086
23.220	33087
23.230	33084
23.240	33089
23.250	33086
23.260	33088
23.270	33090
23.280	33085
23.290	33086
23.300	33088
23.310	33083
23.320	33088
23.330	33088
23.340	33089
23.350	33090
23.360	33089
23.370	33085
23.380	33091
23.390	33089
23.400	33087
23.410	33085
23.420	33088
23.430	33089
23.440	33086
23.450	33089
23.460	33089
23.470	33084
23.480	33088
23.490	33086
23.500	33084
23.510	33085
23.520	33087
23.530	33090
23.540	33086
23.550	33087
23.560	33083
23.570	33086
23.580	33086
23.590	33086
23.600	33090
23.610	33090
23.620	33087
23.630	33091
23.640	33086
23.650	33090
23.660	33089
23.670	33087
23.680	33089
23.690	33089
23.700	33088
23.710	33085
23.720	33090
23.730	33087
23.740	33088
23.750	33087
23.760	33088
23.771	33086
23.780	33086
23.790	33086
23.800	33089
23.810	33086
23.820	33085
23.830	33084
23.840	33089
23.850	33089
23.860	33089
23.870	33088
23.880	33090
23.890	33088
23.900	33088
23.910	33083
23.920	33086
23.930	33087
23.940	33087
23.950	33091
23.960	33087
23.970	33086
23.980	33088
23.990	33088
24.000	33084
24.010	33091
24.020	33089
24.030	33091
24.040	33088
24.050	33086
24.060	33088
24.070	33088
24.080	33088
24.090	33089
24.100	33087
24.110	33087
24.120	33086
24.130	33089
24.140	33088
24.150	33092
24.160	33089
24.170	33091
24.180	33091
24.190	33090
24.200	33093
24.210	33088
24.220	33089
24.230	33087
24.240	33084
24.250	33089
24.260	33089
24.270	33089
24.280	33087
24.290	33092
24.300	33086
24.310	33088
24.320	33090
24.330	33088
24.340	33090
24.350	33091
24.360	33085
24.370	33089
24.380	33083
24.390	33089
24.400	33086
24.410	33094
24.420	33091
24.430	33093
24.440	33087
24.450	33085
24.460	33082
24.470	33086
24.480	33088
24.490	33089
24.500	33089
24.510	33089
24.520	33086
24.530	33090
24.540	33088
24.550	33090
24.560	33086
24.570	33087
24.580	33085
24.590	33087
24.600	33090
24.610	33090
24.620	33088
24.630	33087
24.640	33088
24.650	33092
24.660	33089
24.670	33093
24.680	33084
24.690	33089
24.700	33089
24.710	33086
24.720	33089
24.730	33089
24.740	33087
24.750	33086
24.760	33088
24.770	33091
24.780	33090
24.790	33088
24.800	33087
24.810	33090
24.820	33087
24.830	33092
24.840	33092
24.850	33086
24.860	33092
24.870	33092
24.880	33091
24.890	33088
24.900	33087
24.910	33089
24.920	33091
24.930	33093
24.940	33092
24.950	33093
24.960	33085
24.970	33089
24.980	33090
24.990	33088
25.000	33091
25.010	33087
25.020	33091
25.030	33089
25.040	33085
25.050	33091
25.060	33088
25.070	33087
25.080	33087
25.090	33087
25.100	33087
25.110	33087
25.120	33087
25.130	33092
25.140	33090
25.150	33090
25.160	33087
25.170	33088
25.180	33090
25.190	33091
25.200	33087
25.210	33090
25.220	33089
25.230	33088
25.240	33088
25.250	33087
25.260	33090
25.270	33087
25.280	33085
25.290	33090
25.300	33091
25.310	33088
25.320	33088
25.330	33087
25.340	33088
25.350	33087
25.360	33086
25.370	33087
25.380	33089
25.390	33087
25.400	33089
25.410	33088
25.420	33086
25.430	33087
25.440	33085
25.450	33089
25.460	33086
25.470	33084
25.480	33091
25.490	33087
25.500	33087
25.510	33090
25.520	33088
25.530	33091
25.540	33088
25.550	33087
25.560	33085
25.570	33088
25.580	33090
25.590	33090
25.600	33089
25.610	33085
25.620	33089
25.630	33092
25.640	33086
25.650	33084
25.660	33088
25.670	33090
25.680	33088
25.690	33086
25.700	33087
25.710	33088
25.720	33089
25.730	33087
25.740	33087
25.750	33086
25.760	33090
25.770	33088
25.780	33088
25.790	33089
25.800	33089
25.810	33086
25.820	33089
25.830	33086
25.840	33086
25.850	33085
25.860	33091
25.870	33090
25.880	33083
25.890	33088
25.900	33088
25.910	33087
25.920	33091
25.930	33088
25.940	33089
25.950	33087
25.960	33090
25.970	33087
25.980	33086
25.990	33091
26.000	33088
26.010	33083
26.020	33091
26.031	33089
26.040	33090
26.050	33089
26.060	33089
26.070	33086
26.080	33093
26.090	33091
26.100	33089
26.110	33086
26.120	33085
26.130	33087
26.140	33086
26.150	33088
26.160	33083
26.170	33086
26.180	33088
26.190	33089
26.200	33083
26.210	33089
26.220	33088
26.230	33091
26.240	33083
26.250	33085
26.260	33092
26.270	33089
26.280	33088
26.290	33092
26.300	33085
26.310	33087
26.320	33086
26.330	33088
26.340	33084
26.350	33090
26.360	33087
26.370	33086
26.380	33088
26.390	33090
26.400	33087
26.410	33090
26.420	33091
26.430	33087
26.440	33087
26.450	33086
26.460	33086
26.470	33090
26.480	33086
26.490	33088
26.500	33085
26.510	33090
26.520	33091
26.530	33087
26.540	33091
26.550	33089
26.560	33091
26.570	33088
26.580	33092
26.590	33090
26.600	33088
26.610	33089
26.620	33087
26.630	33090
26.640	33089
26.650	33088
26.660	33091
26.670	33090
26.680	33091
26.690	33091
26.700	33086
26.710	33089
26.720	33087
26.730	33089
26.740	33086
26.750	33086
26.760	33089
26.770	33087
26.780	33090
26.790	33092
26.800	33092
26.810	33087
26.820	33086
26.830	33087
26.840	33089
26.850	33088
26.860	33089
26.870	33091
26.880	33092
26.890	33091
26.900	33093
26.910	33085
26.920	33091
26.930	33088
26.940	33086
26.950	33088
26.960	33088
26.970	33085
26.980	33084
26.990	33087
27.000	33088
27.010	33087
27.020	33092
27.030	33088
27.040	33091
27.050	33085
27.060	33089
27.070	33092
27.080	33089
27.090	33089
27.100	33084
27.110	33090
27.120	33090
27.130	33089
27.140	33089
27.150	33086
27.160	33090
27.170	33088
27.180	33087
27.190	33087
27.200	33086
27.210	33089
27.220	33088
27.230	33091
27.240	33088
27.250	33092
27.260	33088
27.270	33086
27.280	33088
27.290	33088
27.300	33092
27.310	33089
27.320	33089
27.330	33091
27.340	33087
27.350	33094
27.360	33090
27.370	33087
27.380	33088
27.390	33086
27.400	33090
27.410	33087
27.420	33087
27.430	33088
27.440	33086
27.450	33090
27.460	33091
27.470	33093
27.480	33092
27.490	33094
27.500	33091
27.510	33087
27.520	33087
27.530	33089
27.540	33090
27.550	33089
27.560	33089
27.570	33087
27.580	33086
27.590	33091
27.600	33086
27.610	33090
27.620	33087
27.630	33088
27.640	33086
27.650	33089
27.660	33090
27.670	33089
27.680	33090
27.690	33088
27.700	33090
27.710	33088
27.720	33090
27.730	33089
27.740	33090
27.750	33089
27.760	33087
27.770	33093
27.780	33088
27.790	33087
27.800	33088
27.810	33087
27.820	33088
27.830	33087
27.840	33090
27.850	33088
27.860	33087
27.870	33091
27.880	33092
27.890	33090
27.900	33089
27.910	33088
27.920	33089
27.930	33090
27.940	33087
27.950	33090
27.960	33089
27.970	33088
27.980	33088
27.990	33090
28.000	33090
28.010	33087
28.020	33087
28.030	33089
28.040	33089
28.050	33088
28.060	33083
28.070	33089
28.080	33091
28.090	33087
28.100	33088
28.110	33089
28.120	33089
28.130	33089
28.140	33090
28.150	33086
28.160	33090
28.170	33092
28.180	33089
28.190	33091
28.200	33094
28.210	33092
28.220	33090
28.230	33088
28.240	33089
28.250	33090
28.260	33085
28.270	33089
28.280	33088
28.290	33093
28.300	33093
28.310	33087
28.320	33089
28.330	33087
28.340	33087
28.350	33091
28.360	33089
28.370	33091
28.380	33092
28.390	33092
28.400	33090
28.410	33089
28.420	33088
28.430	33089
28.440	33088
28.450	33082
28.460	33091
28.470	33090
28.480	33086
28.490	33089
28.500	33089
28.510	33088
28.520	33091
28.530	33090
28.540	33090
28.550	33093
28.560	33089
28.570	33090
28.580	33088
28.590	33090
28.600	33086
28.610	33088
28.620	33084
28.630	33090
28.640	33089
28.650	33090
28.660	33090
28.670	33089
28.680	33091
28.690	33091
28.700	33093
28.710	33087
28.720	33088
28.730	33085
28.740	33089
28.750	33087
28.760	33087
28.770	33087
28.780	33082
28.790	33091
28.800	33089
28.810	33089
28.820	33089
28.830	33088
28.840	33091
28.850	33088
28.860	33086
28.870	33089
28.880	33089
28.890	33091
28.900	33084
28.910	33085
28.920	33092
28.930	33083
28.940	33087
28.950	33091
28.960	33089
28.970	33085
28.980	33088
28.990	33086
29.000	33087
29.010	33089
29.020	33089
29.030	33090
29.040	33085
29.050	33087
29.060	33085
29.070	33087
29.080	33089
29.090	33089
29.100	33085
29.110	33091
29.120	33088
29.130	33090
29.140	33088
29.150	33089
29.160	33091
29.170	33093
29.180	33090
29.190	33092
29.200	33088
29.210	33088
29.220	33089
29.230	33089
29.240	33090
29.250	33086
29.260	33086
29.270	33086
29.280	33088
29.290	33089
29.300	33085
29.310	33088
29.320	33088
29.330	33088
29.340	33085
29.350	33086
29.360	33090
29.370	33091
29.380	33087
29.390	33092
29.400	33084
29.410	33091
29.420	33090
29.430	33089
29.440	33088
29.450	33085
29.460	33086
29.470	33089
29.480	33090
29.490	33089
29.500	33089
29.510	33085
29.520	33088
29.530	33086
29.540	33089
29.550	33086
29.560	33089
29.570	33087
29.580	33090
29.590	33090
29.600	33086
29.610	33090
29.620	33087
29.630	33086
29.640	33091
29.650	33087
29.660	33091
29.670	33088
29.680	33090
29.690	33088
29.700	33088
29.710	33088
29.720	33088
29.730	33092
29.740	33088
29.750	33088
29.760	33089
29.770	33089
29.780	33089
29.790	33088
29.800	33088
29.810	33085
29.820	33086
29.830	33088
29.840	33087
29.850	33086
29.860	33088
29.870	33089
29.880	33091
29.890	33089
29.900	33088
29.910	33088
29.920	33084
29.930	33090
29.940	33089
29.950	33088
29.960	33089
29.970	33091
29.980	33088
29.990	33090
30.000	33086
30.010	33091
30.020	33088
30.030	33087
30.040	33091
30.050	33090
30.060	33086
30.070	33089
30.080	33089
30.090	33090
30.100	33088
30.110	33088
30.120	33090
30.130	33088
30.140	33091
30.150	33087
30.160	33090
30.170	33091
30.180	33088
30.190	33087
30.200	33086
30.210	33086
30.220	33087
30.230	33093
30.240	33088
30.250	33091
30.260	33088
30.270	33091
30.280	33086
30.290	33085
30.300	33090
30.310	33094
30.320	33091
30.330	33090
30.340	33089
30.350	33087
30.360	33087
30.370	33088
30.380	33089
30.390	33088
30.400	33091
30.410	33089
30.420	33090
30.430	33089
30.440	33090
30.450	33093
30.460	33088
30.470	33086
30.480	33087
30.490	33086
30.500	33092
30.510	33082
30.520	33087
30.530	33088
30.540	33091
30.550	33090
30.560	33086
30.570	33091
30.580	33090
30.590	33090
30.600	33087
30.610	33088
30.620	33090
30.630	33087
30.640	33089
30.650	33084
30.660	33091
30.670	33091
30.680	33089
30.690	33088
30.700	33088
30.710	33090
30.720	33087
30.730	33087
30.740	33087
30.750	33085
30.760	33086
30.770	33089
30.780	33088
30.790	33088
30.800	33086
30.810	33092
30.820	33085
30.830	33089
30.840	33085
30.850	33090
30.860	33087
30.870	33086
30.880	33085
30.890	33086
30.900	33088
30.910	33089
30.920	33088
30.930	33087
30.940	33090
30.950	33088
30.960	33086
30.970	33086
30.980	33089
30.990	33091
31.000	33086
31.010	33094
31.020	33090
31.030	33091
31.040	33089
31.050	33089
31.060	33089
31.070	33089
31.080	33087
31.090	33090
31.100	33085
31.110	33089
31.120	33088
31.130	33086
31.140	33086
31.150	33085
31.160	33089
31.170	33090
31.180	33089
31.190	33092
31.200	33089
31.210	33087
31.220	33092
31.230	33089
31.240	33087
31.250	33087
31.260	33088
31.270	33093
31.280	33086
31.290	33088
31.300	33088
31.310	33092
31.320	33088
31.330	33092
31.340	33087
31.350	33087
31.360	33090
31.370	33088
31.380	33088
31.390	33091
31.400	33087
31.410	33084
31.420	33088
31.430	33090
31.440	33087
31.450	33085
31.460	33088
31.470	33086
31.480	33087
31.490	33086
31.500	33088
31.510	33089
31.520	33089
31.530	33087
31.540	33088
31.550	33086
31.560	33088
31.570	33087
31.580	33085
31.590	33089
31.600	33089
31.610	33089
31.620	33093
31.630	33086
31.640	33092
31.650	33088
31.660	33087
31.670	33091
31.680	33087
31.690	33092
31.700	33083
31.710	33088
31.720	33086
31.730	33089
31.740	33088
31.750	33088
31.760	33087
31.770	33086
31.780	33090
31.790	33091
31.800	33089
31.810	33089
31.820	33088
31.830	33088
31.840	33086
31.850	33085
31.860	33088
31.870	33087
31.880	33084
31.890	33088
31.900	33090
31.910	33088
31.920	33084
31.930	33094
31.940	33091
31.950	33090
31.960	33085
31.972	33086
31.980	33090
31.990	33088
32.000	33082
32.010	33088
32.020	33090
32.030	33087
32.040	33087
32.050	33085
32.060	33090
32.070	33087
32.080	33090
32.090	33091
32.100	33087
32.110	33089
32.120	33085
32.130	33089
32.140	33092
32.150	33087
32.160	33088
32.170	33089
32.180	33086
32.190	33089
32.200	33088
32.210	33090
32.220	33090
32.230	33085
32.240	33088
32.250	33087
32.260	33088
32.270	33087
32.280	33088
32.290	33091
32.300	33089
32.310	33090
32.320	33089
32.330	33088
32.340	33090
32.350	33085
32.360	33089
32.370	33087
32.380	33087
32.390	33089
32.400	33090
32.410	33087
32.420	33088
32.430	33088
32.440	33086
32.450	33094
32.460	33091
32.470	33090
32.480	33087
32.490	33091
32.500	33089
32.510	33085
32.520	33088
32.530	33088
32.540	33091
32.550	33088
32.560	33090
32.570	33084
32.580	33087
32.590	33089
32.600	33086
32.610	33090
32.620	33087
32.630	33089
32.640	33090
32.650	33087
32.660	33087
32.670	33086
32.680	33089
32.690	33091
32.700	33091
32.710	33086
32.720	33087
32.730	33092
32.740	33086
32.750	33091
32.760	33089
32.770	33082
32.780	33092
32.790	33089
32.800	33088
32.810	33082
32.820	33089
32.830	33084
32.840	33085
32.850	33090
32.860	33090
32.870	33086
32.880	33087
32.890	33090
32.900	33088
32.910	33085
32.920	33090
32.930	33087
32.940	33089
32.950	33088
32.960	33090
32.970	33091
32.980	33087
32.990	33089
33.000	33093
33.010	33087
33.020	33084
33.030	33090
33.040	33088
33.050	33087
33.060	33090
33.070	33088
33.080	33087
33.090	33092
33.100	33090
33.110	33087
33.120	33086
33.130	33086
33.140	33092
33.150	33088
33.160	33089
33.170	33088
33.180	33084
33.190	33087
33.200	33085
33.210	33087
33.220	33087
33.230	33090
33.240	33088
33.250	33090
33.260	33090
33.270	33091
33.280	33082
33.290	33088
33.300	33090
33.310	33089
33.320	33090
33.330	33089
33.340	33085
33.350	33084
33.360	33090
33.370	33086
33.380	33088
33.390	33090
33.400	33089
33.410	33085
33.420	33088
33.430	33088
33.440	33088
33.450	33088
33.460	33091
33.470	33086
33.480	33092
33.490	33087
33.500	33085
33.510	33089
33.520	33088
33.530	33086
33.540	33088
33.550	33087
33.560	33088
33.570	33087
33.580	33090
33.590	33087
33.600	33090
33.610	33090
33.620	33086
33.630	33088
33.640	33088
33.650	33087
33.660	33092
33.670	33086
33.680	33086
33.690	33088
33.700	33087
33.710	33085
33.720	33089
33.730	33086
33.740	33085
33.750	33084
33.760	33091
33.770	33088
33.780	33089
33.790	33087
33.800	33086
33.810	33090
33.820	33085
33.830	33089
33.840	33085
33.850	33086
33.860	33085
33.870	33090
33.880	33088
33.890	33089
33.900	33089
33.910	33088
33.920	33087
33.930	33092
33.940	33089
33.950	33092
33.960	33090
33.970	33085
33.980	33090
33.990	33087
34.000	33089
34.010	33088
34.020	33087
34.030	33090
34.040	33084
34.050	33089
34.060	33091
34.070	33085
34.080	33091
34.090	33090
34.100	33087
34.110	33089
34.120	33082
34.130	33087
34.140	33090
34.150	33090
34.160	33088
34.170	33089
34.180	33090
34.190	33089
34.200	33089
34.210	33093
34.220	33093
34.230	33090
34.240	33091
34.250	33087
34.260	33088
34.270	33088
34.280	33086
34.290	33093
34.300	33094
34.310	33090
34.320	33087
34.330	33087
34.340	33086
34.350	33088
34.360	33091
34.370	33088
34.380	33091
34.390	33086
34.400	33088
34.410	33086
34.420	33090
34.430	33088
34.440	33089
34.450	33095
34.460	33092
34.470	33090
34.480	33084
34.490	33087
34.500	33085
34.510	33088
34.520	33087
34.530	33088
34.540	33090
34.550	33085
34.560	33090
34.570	33090
34.580	33088
34.590	33091
34.600	33090
34.610	33090
34.620	33092
34.630	33087
34.640	33090
34.650	33085
34.660	33088
34.670	33086
34.680	33089
34.690	33087
34.700	33089
34.710	33087
34.720	33090
34.730	33086
34.740	33088
34.750	33092
34.760	33091
34.770	33087
34.780	33089
34.790	33088
34.800	33088
34.810	33091
34.820	33085
34.830	33088
34.840	33090
34.850	33088
34.860	33089
34.870	33090
34.880	33095
34.890	33085
34.900	33090
34.910	33088
34.920	33090
34.930	33087
34.940	33090
34.950	33087
34.960	33088
34.970	33086
34.980	33090
34.990	33087
35.000	33089
35.010	33089
35.020	33084
35.030	33088
35.040	33087
35.050	33088
35.060	33087
35.070	33088
35.080	33089
35.090	33085
35.100	33085
35.110	33089
35.120	33088
35.130	33091
35.140	33088
35.150	33091
35.160	33088
35.170	33087
35.180	33088
35.190	33088
35.200	33090
35.210	33089
35.220	33088
35.230	33087
35.240	33087
35.250	33088
35.260	33090
35.270	33087
35.280	33087
35.290	33086
35.300	33087
35.310	33087
35.320	33089
35.330	33085
35.340	33087
35.350	33087
35.360	33090
35.370	33090
35.380	33090
35.390	33087
35.400	33092
35.410	33092
35.420	33086
35.430	33087
35.440	33089
35.450	33089
35.460	33091
35.470	33089
35.480	33088
35.490	33088
35.500	33085
35.510	33088
35.520	33090
35.530	33094
35.540	33091
35.550	33087
35.560	33091
35.570	33092
35.580	33089
35.590	33091
35.600	33086
35.610	33092
35.620	33089
35.630	33088
35.640	33085
35.650	33090
35.660	33092
35.670	33088
35.680	33089
35.690	33091
35.700	33094
35.710	33095
35.720	33090
35.730	33092
35.740	33090
35.750	33092
35.760	33086
35.770	33087
35.780	33090
35.790	33087
35.800	33091
35.810	33087
35.820	33089
35.830	33091
35.840	33091
35.850	33085
35.860	33085
35.870	33089
35.880	33085
35.890	33092
35.900	33092
35.910	33085
35.920	33091
35.930	33088
35.940	33092
35.950	33089
35.960	33083
35.970	33089
35.980	33090
35.990	33087
36.000	33089
36.010	33089
36.020	33086
36.030	33089
36.040	33089
36.050	33093
36.060	33090
36.070	33094
36.080	33083
36.090	33090
36.100	33090
36.110	33093
36.120	33091
36.130	33089
36.140	33088
36.150	33087
36.160	33088
36.170	33087
36.180	33093
36.190	33089
36.200	33093
36.210	33089
36.220	33087
36.230	33087
36.240	33085
36.250	33087
36.260	33087
36.270	33089
36.280	33089
36.290	33089
36.300	33090
36.310	33088
36.320	33086
36.330	33090
36.340	33087
36.350	33091
36.360	33091
36.370	33090
36.380	33089
36.390	33087
36.400	33090
36.410	33092
36.420	33089
36.430	33087
36.440	33086
36.450	33091
36.460	33088
36.470	33089
36.480	33088
36.490	33090
36.500	33092
36.510	33092
36.520	33090
36.530	33087
36.540	33093
36.550	33091
36.560	33088
36.570	33096
36.580	33087
36.590	33086
36.600	33091
36.610	33090
36.620	33088
36.630	33087
36.640	33092
36.650	33087
36.660	33089
36.670	33088
36.680	33089
36.690	33089
36.700	33090
36.710	33087
36.720	33087
36.730	33086
36.740	33090
36.750	33089
36.760	33084
36.770	33097
36.780	33089
36.790	33089
36.800	33090
36.810	33088
36.820	33087
36.830	33090
36.840	33085
36.850	33089
36.860	33088
36.870	33092
36.880	33092
36.890	33086
36.900	33089
36.910	33092
36.920	33090
36.930	33084
36.940	33089
36.950	33088
36.960	33091
36.970	33089
36.980	33086
36.990	33088
37.000	33087
37.010	33091
37.020	33091
37.030	33087
37.040	33091
37.050	33088
37.060	33092
37.070	33085
37.080	33086
37.090	33085
37.100	33087
37.110	33089
37.120	33090
37.130	33093
37.140	33089
37.150	33085
37.160	33088
37.170	33089
37.180	33087
37.190	33087
37.200	33090
37.210	33090
37.220	33086
37.230	33092
37.240	33085
37.250	33090
37.260	33088
37.270	33087
37.280	33088
37.290	33088
37.300	33085
37.310	33092
37.320	33092
37.330	33086
37.340	33088
37.350	33088
37.360	33091
37.370	33088
37.380	33087
37.390	33088
37.400	33091
37.410	33089
37.420	33089
37.430	33085
37.440	33085
37.450	33088
37.460	33088
37.470	33092
37.480	33089
37.490	33084
37.500	33088
37.510	33089
37.520	33089
37.530	33085
37.540	33084
37.550	33089
37.560	33087
37.570	33084
37.580	33089
37.590	33089
37.600	33091
37.610	33088
37.620	33090
37.630	33089
37.640	33090
37.650	33087
37.660	33087
37.670	33089
37.680	33086
37.690	33087
37.700	33090
37.710	33086
37.720	33086
37.730	33086
37.740	33088
37.750	33092
37.760	33093
37.770	33092
37.780	33091
37.790	33093
37.800	33092
37.810	33094
37.820	33091
37.830	33088
37.840	33088
37.850	33088
37.860	33092
37.870	33092
37.880	33086
37.890	33086
37.900	33090
37.910	33090
37.920	33087
37.930	33085
37.940	33089
37.950	33089
37.960	33088
37.970	33088
37.980	33087
37.990	33085
38.000	33086
38.010	33087
38.020	33089
38.030	33091
38.040	33085
38.050	33085
38.060	33091
38.070	33089
38.080	33087
38.090	33089
38.100	33090
38.110	33092
38.120	33089
38.130	33089
38.140	33089
38.150	33087
38.160	33088
38.170	33085
38.180	33085
38.190	33090
38.200	33087
38.210	33087
38.220	33091
38.230	33085
38.240	33088
38.250	33087
38.260	33090
38.270	33087
38.280	33088
38.290	33087
38.300	33089
38.310	33089
38.320	33091
38.330	33088
38.340	33089
38.350	33092
38.360	33089
38.370	33091
38.380	33087
38.390	33086
38.400	33084
38.410	33086
38.420	33089
38.430	33092
38.440	33087
38.450	33091
38.460	33089
38.470	33088
38.480	33085
38.490	33089
38.500	33089
38.510	33089
38.520	33085
38.530	33088
38.540	33086
38.550	33087
38.560	33091
38.570	33088
38.580	33086
38.590	33086
38.600	33089
38.610	33089
38.620	33087
38.630	33087
38.640	33089
38.650	33086
38.660	33089
38.670	33084
38.680	33085
38.690	33084
38.700	33087
38.710	33088
38.720	33089
38.730	33090
38.740	33090
38.750	33090
38.760	33090
38.770	33086
38.780	33091
38.790	33091
38.800	33088
38.810	33090
38.820	33093
38.830	33084
38.840	33090
38.850	33088
38.860	33086
38.870	33093
38.880	33090
38.890	33092
38.900	33094
38.910	33090
38.920	33092
38.930	33092
38.940	33087
38.950	33087
38.960	33093
38.970	33092
38.980	33090
38.990	33091
39.000	33089
39.010	33089
39.020	33091
39.030	33090
39.040	33089
39.050	33087
39.060	33086
39.070	33090
39.080	33092
39.090	33088
39.100	33091
39.110	33090
39.120	33089
39.130	33088
39.140	33085
39.150	33086
39.160	33090
39.170	33085
39.180	33090
39.190	33090
39.200	33091
39.210	33091
39.220	33086
39.230	33089
39.240	33090
39.250	33089
39.260	33091
39.270	33091
39.280	33088
39.290	33084
39.300	33086
39.310	33089
39.320	33093
39.330	33089
39.340	33088
39.350	33091
39.360	33086
39.370	33090
39.380	33089
39.390	33088
39.400	33088
39.410	33087
39.420	33090
39.430	33088
39.440	33085
39.450	33086
39.460	33087
39.470	33090
39.480	33091
39.490	33088
39.500	33088
39.510	33091
39.520	33091
39.530	33090
39.540	33089
39.550	33089
39.560	33088
39.570	33090
39.580	33089
39.590	33089
39.600	33088
39.610	33091
39.620	33090
39.630	33085
39.640	33088
39.650	33088
39.660	33090
39.670	33088
39.680	33088
39.690	33086
39.700	33088
39.710	33087
39.720	33089
39.730	33090
39.740	33089
39.750	33089
39.760	33086
39.770	33089
39.780	33088
39.790	33090
39.800	33091
39.810	33086
39.820	33089
39.830	33091
39.840	33088
39.850	33089
39.860	33091
39.870	33089
39.880	33090
39.890	33088
39.900	33087
39.910	33091
39.920	33088
39.930	33088
39.940	33083
39.950	33086
39.960	33090
39.970	33085
39.980	33088
39.990	33086
40.000	33092
40.010	33084
40.020	33093
40.030	33088
40.040	33089
40.050	33091
40.060	33084
40.070	33084
40.080	33087
40.090	33089
40.100	33087
40.110	33085
40.120	33087
40.130	33088
40.140	33087
40.150	33087
40.160	33089
40.170	33086
40.180	33090
40.190	33089
40.200	33089
40.210	33086
40.220	33084
40.230	33087
40.240	33089
40.250	33087
40.260	33084
40.270	33088
40.280	33088
40.290	33089
40.300	33087
40.310	33085
40.320	33089
40.330	33086
40.340	33088
40.350	33088
40.360	33087
40.370	33087
40.380	33088
40.390	33091
40.400	33088
40.410	33089
40.420	33088
40.430	33087
40.440	33085
40.450	33088
40.460	33090
40.470	33090
40.480	33090
40.490	33084
40.500	33089
40.510	33086
40.520	33090
40.530	33088
40.540	33087
40.550	33086
40.560	33085
40.570	33088
40.580	33089
40.590	33088
40.600	33090
40.610	33084
40.620	33089
40.630	33089
40.640	33090
40.650	33088
40.660	33089
40.670	33084
40.680	33091
40.690	33091
40.701	33087
40.710	33087
40.720	33086
40.730	33089
40.740	33086
40.750	33088
40.760	33084
40.770	33088
40.780	33091
40.790	33087
40.800	33093
40.810	33087
40.820	33087
40.830	33086
40.840	33086
40.850	33089
40.860	33089
40.870	33086
40.880	33089
40.890	33085
40.900	33088
40.910	33089
40.920	33089
40.930	33091
40.940	33093
40.950	33089
40.960	33089
40.970	33086
40.980	33087
40.990	33087
41.000	33089
41.010	33092
41.020	33089
41.030	33087
41.040	33087
41.050	33088
41.060	33088
41.070	33088
41.080	33088
41.090	33091
41.100	33093
41.110	33090
41.120	33089
41.130	33086
41.140	33088
41.150	33082
41.160	33090
41.170	33090
41.180	33089
41.190	33089
41.200	33089
41.210	33088
41.220	33088
41.230	33085
41.240	33089
41.250	33090
41.260	33084
41.270	33087
41.280	33088
41.290	33088
41.300	33086
41.310	33088
41.320	33091
41.330	33089
41.340	33085
41.350	33087
41.360	33089
41.370	33093
41.380	33087
41.390	33089
41.400	33088
41.410	33088
41.420	33089
41.430	33089
41.440	33088
41.450	33088
41.460	33090
41.470	33090
41.480	33084
41.490	33087
41.500	33090
41.510	33093
41.520	33092
41.530	33090
41.540	33088
41.550	33090
41.560	33091
41.570	33088
41.580	33084
41.590	33088
41.600	33088
41.610	33085
41.620	33082
41.630	33088
41.640	33084
41.650	33087
41.660	33091
41.670	33087
41.680	33088
41.690	33085
41.700	33088
41.710	33090
41.720	33092
41.730	33090
41.740	33089
41.750	33092
41.760	33086
41.770	33091
41.780	33091
41.790	33089
41.800	33085
41.810	33089
41.820	33087
41.830	33089
41.840	33090
41.850	33090
41.860	33090
41.870	33093
41.880	33089
41.890	33088
41.900	33089
41.910	33088
41.920	33086
41.930	33090
41.940	33092
41.950	33089
41.960	33088
41.970	33090
41.980	33088
41.990	33089
42.000	33089
42.010	33086
42.020	33090
42.030	33082
42.040	33089
42.050	33086
42.060	33090
42.070	33090
42.080	33087
42.090	33083
42.100	33092
42.110	33087
42.120	33087
42.130	33088
42.140	33085
42.150	33088
42.160	33086
42.170	33089
42.180	33091
42.190	33090
42.200	33084
42.210	33091
42.220	33090
42.230	33089
42.240	33087
42.250	33088
42.260	33089
42.270	33088
42.280	33087
42.290	33087
42.300	33089
42.310	33092
42.320	33086
42.330	33087
42.340	33089
42.350	33089
42.360	33090
42.370	33089
42.380	33089
42.390	33088
42.400	33091
42.410	33086
42.420	33089
42.430	33087
42.440	33086
42.450	33088
42.460	33086
42.470	33088
42.480	33089
42.490	33086
42.500	33089
42.510	33090
42.520	33085
42.530	33089
42.540	33089
42.550	33087
42.560	33089
42.570	33086
42.580	33088
42.590	33087
42.600	33090
42.610	33086
42.620	33091
42.630	33087
42.640	33087
42.650	33087
42.660	33090
42.670	33088
42.680	33090
42.690	33093
42.700	33087
42.710	33088
42.720	33087
42.730	33089
42.740	33089
42.750	33088
42.760	33091
42.770	33088
42.780	33090
42.790	33088
42.800	33087
42.810	33087
42.820	33086
42.830	33085
42.840	33090
42.850	33086
42.860	33084
42.870	33087
42.880	33093
42.890	33086
42.900	33088
42.910	33086
42.920	33090
42.930	33087
42.940	33086
42.950	33093
42.960	33089
42.970	33086
42.980	33087
42.991	33091
43.000	33091
43.010	33086
43.020	33089
43.030	33086
43.040	33088
43.050	33088
43.060	33087
43.070	33093
43.080	33089
43.090	33090
43.100	33090
43.110	33088
43.120	33086
43.130	33085
43.140	33091
43.150	33088
43.160	33086
43.170	33092
43.180	33087
43.190	33084
43.200	33088
43.210	33087
43.220	33087
43.230	33088
43.240	33086
43.250	33087
43.260	33089
43.270	33087
43.280	33087
43.290	33088
43.300	33091
43.310	33090
43.320	33086
43.330	33085
43.340	33090
43.350	33085
43.360	33086
43.370	33090
43.380	33088
43.390	33091
43.400	33087
43.410	33081
43.420	33090
43.430	33086
43.440	33089
43.450	33094
43.460	33087
43.470	33089
43.480	33091
43.490	33089
43.500	33088
43.510	33086
43.520	33087
43.530	33086
43.540	33091
43.550	33089
43.560	33091
43.570	33090
43.580	33088
43.590	33088
43.600	33090
43.610	33090
43.620	33088
43.630	33090
43.640	33090
43.650	33089
43.660	33087
43.670	33087
43.680	33090
43.690	33086
43.700	33090
43.710	33089
43.720	33088
43.730	33090
43.740	33087
43.750	33087
43.760	33085
43.770	33088
43.780	33087
43.790	33088
43.800	33087
43.810	33083
43.820	33090
43.830	33090
43.840	33086
43.850	33090
43.860	33088
43.870	33088
43.880	33088
43.890	33085
43.900	33090
43.910	33090
43.920	33086
43.930	33088
43.940	33088
43.950	33089
43.960	33087
43.971	33087
43.980	33086
43.990	33090
44.000	33089
44.010	33089
44.020	33086
44.030	33088
44.040	33087
44.050	33090
44.060	33089
44.070	33085
44.080	33087
44.090	33088
44.100	33091
44.110	33087
44.120	33091
44.130	33088
44.140	33089
44.150	33087
44.160	33091
44.170	33093
44.180	33089
44.190	33087
44.200	33087
44.210	33090
44.220	33085
44.230	33089
44.240	33092
44.250	33085
44.260	33091
44.270	33086
44.280	33089
44.290	33091
44.300	33090
44.310	33086
44.320	33087
44.330	33091
44.340	33091
44.350	33087
44.360	33087
44.370	33086
44.380	33085
44.390	33091
44.400	33088
44.410	33087
44.420	33085
44.430	33088
44.440	33085
44.450	33088
44.460	33085
44.470	33092
44.480	33087
44.490	33089
44.500	33089
44.510	33089
44.520	33088
44.530	33087
44.540	33087
44.550	33093
44.560	33087
44.570	33091
44.580	33084
44.590	33087
44.600	33083
44.610	33091
44.620	33087
44.630	33089
44.640	33086
44.650	33089
44.660	33090
44.670	33090
44.680	33087
44.690	33087
44.700	33092
44.710	33087
44.720	33085
44.730	33085
44.740	33089
44.750	33089
44.760	33088
44.770	33089
44.780	33091
44.790	33089
44.800	33086
44.810	33089
44.820	33088
44.830	33085
44.840	33090
44.850	33088
44.860	33089
44.870	33086
44.880	33089
44.890	33086
44.900	33091
44.910	33087
44.920	33089
44.930	33085
44.940	33086
44.950	33086
44.960	33088
44.970	33088
44.980	33086
44.990	33089
45.000	33088
45.010	33087
45.020	33087
45.030	33083
45.040	33084
45.050	33085
45.060	33086
45.070	33087
45.080	33085
45.090	33092
45.100	33086
45.110	33087
45.120	33087
45.130	33089
45.140	33092
45.150	33086
45.160	33089
45.170	33084
45.180	33087
45.190	33092
45.200	33087
45.210	33086
45.220	33087
45.230	33092
45.240	33092
45.250	33088
45.260	33090
45.270	33086
45.280	33089
45.290	33086
45.300	33087
45.311	33088
45.320	33090
45.330	33087
45.340	33085
45.350	33090
45.360	33086
45.370	33090
45.380	33087
45.390	33085
45.400	33089
45.410	33091
45.420	33087
45.430	33086
45.440	33091
45.450	33091
45.460	33086
45.470	33091
45.480	33087
45.490	33088
45.500	33090
45.510	33087
45.520	33090
45.530	33083
45.540	33088
45.550	33091
45.560	33087
45.570	33089
45.580	33088
45.590	33084
45.600	33085
45.610	33092
45.620	33088
45.630	33086
45.640	33088
45.650	33086
45.660	33088
45.670	33085
45.680	33092
45.690	33091
45.700	33091
45.710	33087
45.720	33087
45.730	33094
45.740	33091
45.750	33088
45.760	33089
45.770	33088
45.780	33082
45.790	33089
45.800	33086
45.810	33092
45.820	33088
45.830	33086
45.840	33087
45.850	33091
45.860	33089
45.870	33091
45.880	33089
45.890	33086
45.900	33085
45.910	33085
45.920	33090
45.930	33088
45.940	33087
45.950	33086
45.960	33090
45.970	33092
45.980	33087
45.990	33087
46.000	33092
46.010	33091
46.020	33087
46.030	33088
46.040	33089
46.050	33090
46.060	33090
46.070	33086
46.080	33087
46.090	33088
46.100	33083
46.110	33085
46.120	33087
46.130	33089
46.140	33086
46.150	33091
46.160	33091
46.170	33093
46.180	33087
46.190	33090
46.200	33091
46.210	33086
46.220	33091
46.230	33090
46.240	33089
46.250	33087
46.260	33093
46.270	33088
46.280	33086
46.290	33089
46.300	33089
46.310	33086
46.320	33087
46.330	33087
46.340	33089
46.350	33089
46.360	33088
46.370	33088
46.380	33087
46.390	33087
46.400	33091
46.410	33091
46.420	33093
46.430	33092
46.440	33089
46.450	33086
46.460	33087
46.470	33091
46.480	33088
46.490	33092
46.500	33090
46.510	33088
46.520	33092
46.530	33087
46.540	33089
46.550	33084
46.560	33089
46.570	33092
46.580	33087
46.590	33089
46.600	33087
46.610	33088
46.620	33087
46.630	33092
46.640	33087
46.650	33089
46.660	33088
46.670	33088
46.680	33089
46.690	33088
46.700	33088
46.710	33090
46.720	33087
46.730	33090
46.740	33085
46.750	33088
46.760	33090
46.770	33087
46.780	33088
46.790	33088
46.800	33087
46.810	33090
46.820	33089
46.830	33090
46.840	33090
46.850	33090
46.860	33085
46.870	33088
46.880	33085
46.890	33089
46.900	33088
46.910	33086
46.920	33088
46.930	33091
46.940	33091
46.950	33090
46.960	33089
46.970	33089
46.980	33088
46.990	33091
47.000	33087
47.010	33088
47.020	33086
47.030	33090
47.040	33087
47.050	33089
47.060	33088
47.070	33089
47.080	33088
47.090	33090
47.100	33089
47.110	33086
47.120	33085
47.130	33085
47.140	33088
47.150	33089
47.160	33090
47.170	33087
47.180	33088
47.190	33088
47.200	33092
47.210	33091
47.220	33088
47.230	33090
47.240	33089
47.250	33090
47.260	33091
47.270	33087
47.280	33086
47.290	33089
47.300	33093
47.310	33088
47.320	33089
47.330	33090
47.340	33088
47.350	33089
47.360	33087
47.370	33087
47.380	33087
47.390	33089
47.400	33089
47.410	33086
47.420	33093
47.430	33087
47.440	33086
47.450	33090
47.460	33089
47.470	33087
47.480	33091
47.490	33088
47.500	33087
47.510	33089
47.520	33086
47.530	33086
47.540	33089
47.550	33084
47.560	33088
47.570	33087
47.580	33092
47.590	33089
47.600	33087
47.610	33085
47.620	33085
47.630	33089
47.640	33091
47.650	33085
47.660	33087
47.670	33088
47.680	33089
47.690	33090
47.700	33086
47.710	33089
47.720	33087
47.730	33088
47.740	33087
47.750	33090
47.760	33090
47.770	33089
47.780	33089
47.790	33086
47.800	33088
47.810	33083
47.820	33089
47.830	33089
47.840	33087
47.850	33087
47.860	33087
47.870	33091
47.880	33087
47.890	33088
47.900	33091
47.910	33084
47.920	33088
47.930	33087
47.940	33085
47.950	33087
47.960	33087
47.970	33091
47.980	33093
47.990	33089
48.000	33090
48.010	33089
48.020	33085
48.030	33087
48.040	33089
48.050	33092
48.060	33090
48.070	33089
48.080	33088
48.090	33084
48.100	33088
48.110	33090
48.120	33090
48.130	33091
48.140	33093
48.150	33086
48.160	33089
48.170	33086
48.180	33084
48.190	33094
48.200	33091
48.210	33094
48.220	33087
48.230	33091
48.240	33093
48.250	33083
48.260	33085
48.270	33085
48.280	33094
48.290	33087
48.300	33087
48.310	33086
48.320	33088
48.330	33094
48.340	33084
48.350	33090
48.360	33092
48.370	33091
48.380	33087
48.390	33088
48.400	33087
48.410	33089
48.420	33090
48.430	33089
48.440	33091
48.450	33089
48.460	33089
48.470	33087
48.480	33090
48.490	33091
48.500	33084
48.510	33090
48.520	33090
48.530	33094
48.540	33091
48.550	33087
48.560	33089
48.570	33090
48.580	33088
48.590	33085
48.600	33087
48.610	33087
48.620	33091
48.630	33084
48.640	33085
48.650	33089
48.660	33086
48.670	33093
48.680	33090
48.690	33085
48.700	33087
48.710	33090
48.720	33087
48.730	33087
48.740	33088
48.750	33090
48.760	33092
48.770	33088
48.780	33088
48.790	33089
48.800	33091
48.810	33087
48.820	33086
48.830	33090
48.840	33086
48.850	33092
48.860	33091
48.870	33092
48.880	33090
48.890	33087
48.900	33087
48.910	33084
48.920	33089
48.930	33089
48.940	33085
48.950	33089
48.960	33086
48.970	33090
48.980	33092
48.990	33087
49.000	33090
49.010	33085
49.020	33087
49.030	33081
49.040	33083
49.050	33090
49.060	33087
49.070	33086
49.080	33084
49.090	33089
49.100	33089
49.110	33087
49.120	33087
49.130	33091
49.140	33082
49.150	33084
49.160	33082
49.170	33085
49.180	33085
49.190	33090
49.200	33083
49.210	33089
49.220	33086
49.230	33090
49.240	33089
49.250	33087
49.260	33087
49.270	33088
49.280	33088
49.290	33087
49.300	33086
49.310	33089
49.320	33085
49.330	33085
49.340	33087
49.350	33088
49.360	33084
49.370	33084
49.380	33086
49.390	33084
49.400	33088
49.410	33087
49.420	33087
49.430	33091
49.440	33085
49.450	33089
49.460	33085
49.470	33085
49.480	33085
49.490	33090
49.500	33087
49.510	33087
49.520	33087
49.530	33087
49.540	33091
49.550	33092
49.560	33085
49.570	33088
49.580	33085
49.590	33088
49.600	33086
49.610	33089
49.620	33090
49.630	33087
49.640	33084
49.650	33089
49.660	33083
49.670	33088
49.680	33085
49.690	33089
49.700	33086
49.710	33085
49.720	33088
49.730	33088
49.740	33088
49.750	33089
49.760	33088
49.770	33084
49.780	33088
49.790	33088
49.800	33086
49.810	33086
49.820	33086
49.830	33084
49.840	33087
49.850	33091
49.860	33085
49.870	33086
49.880	33088
49.890	33087
49.900	33089
49.910	33087
49.920	33085
49.930	33085
49.940	33085
49.950	33087
49.960	33088
49.970	33089
49.980	33089
49.990	33085
50.000	33088
50.010	33088
50.020	33089
50.030	33087
50.040	33095
50.050	33086
50.060	33087
50.070	33089
50.080	33087
50.090	33085
50.100	33091
50.110	33088
50.120	33088
50.130	33088
50.140	33090
50.150	33090
50.160	33088
50.170	33086
50.180	33088
50.190	33087
50.200	33087
50.210	33087
50.220	33089
50.230	33088
50.240	33087
50.250	33088
50.260	33086
50.270	33088
50.280	33087
50.290	33087
50.300	33090
50.310	33092
50.320	33089
50.330	33087
50.340	33087
50.350	33084
50.360	33083
50.370	33090
50.380	33089
50.390	33086
50.400	33090
50.410	33091
50.420	33090
50.430	33087
50.440	33090
50.450	33090
50.460	33084
50.470	33085
50.480	33084
50.490	33089
50.500	33089
50.510	33084
50.520	33089
50.530	33090
50.540	33088
50.550	33087
50.560	33090
50.570	33087
50.580	33087
50.590	33089
50.600	33097
50.610	33092
50.620	33083
50.630	33089
50.640	33087
50.650	33087
50.660	33088
50.670	33088
50.680	33087
50.690	33088
50.700	33086
50.710	33085
50.720	33085
50.730	33088
50.740	33086
50.750	33087
50.760	33086
50.770	33085
50.780	33087
50.790	33087
50.800	33091
50.810	33086
50.820	33091
50.830	33090
50.840	33087
50.850	33088
50.860	33091
50.870	33089
50.880	33088
50.890	33088
50.900	33089
50.910	33088
50.920	33086
50.930	33090
50.940	33086
50.950	33089
50.960	33091
50.970	33091
50.980	33088
50.990	33088
51.000	33089
51.010	33088
51.020	33086
51.030	33087
51.040	33088
51.050	33082
51.060	33085
51.070	33089
51.080	33089
51.090	33093
51.100	33089
51.110	33088
51.120	33087
51.130	33085
51.140	33091
51.150	33087
51.160	33087
51.170	33088
51.180	33092
51.190	33086
51.200	33087
51.210	33084
51.220	33087
51.230	33086
51.240	33087
51.250	33089
51.260	33088
51.270	33088
51.280	33089
51.290	33086
51.300	33085
51.310	33083
51.320	33089
51.330	33089
51.340	33089
51.350	33091
51.360	33090
51.370	33086
51.380	33088
51.390	33085
51.400	33087
51.410	33087
51.420	33086
51.430	33086
51.440	33090
51.450	33086
51.460	33091
51.470	33092
51.480	33086
51.490	33087
51.500	33087
51.510	33089
51.520	33087
51.530	33089
51.540	33090
51.550	33086
51.560	33091
51.570	33084
51.580	33085
51.590	33087
51.600	33086
51.610	33094
51.620	33085
51.630	33089
51.640	33088
51.650	33085
51.660	33083
51.670	33085
51.680	33086
51.690	33085
51.700	33092
51.710	33085
51.720	33088
51.730	33086
51.740	33089
51.750	33085
51.760	33088
51.770	33087
51.780	33086
51.790	33090
51.800	33087
51.810	33086
51.820	33094
51.830	33090
51.840	33086
51.850	33089
51.860	33085
51.870	33087
51.880	33089
51.890	33094
51.900	33087
51.910	33087
51.920	33088
51.930	33087
51.940	33087
51.950	33086
51.960	33086
51.970	33090
51.980	33088
51.990	33084
52.000	33088
52.010	33085
52.020	33089
52.030	33088
52.040	33088
52.050	33084
52.060	33086
52.070	33087
52.080	33085
52.090	33086
52.100	33087
52.110	33082
52.120	33085
52.130	33088
52.140	33087
52.150	33087
52.160	33089
52.170	33085
52.180	33090
52.190	33087
52.200	33087
52.210	33085
52.220	33087
52.230	33086
52.240	33089
52.250	33081
52.260	33086
52.270	33086
52.280	33087
52.290	33087
52.300	33086
52.310	33090
52.320	33084
52.330	33087
52.340	33086
52.350	33088
52.360	33088
52.370	33084
52.380	33087
52.390	33089
52.400	33085
52.410	33090
52.420	33088
52.430	33085
52.440	33087
52.450	33087
52.460	33089
52.470	33086
52.480	33087
52.490	33088
52.500	33088
52.510	33084
52.520	33086
52.530	33087
52.540	33087
52.550	33086
52.560	33089
52.570	33087
52.580	33093
52.590	33085
52.600	33087
52.610	33085
52.620	33088
52.630	33085
52.640	33089
52.650	33089
52.660	33089
52.670	33086
52.680	33084
52.690	33088
52.700	33088
52.710	33086
52.720	33086
52.730	33088
52.740	33087
52.750	33089
52.760	33086
52.770	33088
52.780	33087
52.790	33089
52.800	33088
52.810	33086
52.820	33086
52.830	33088
52.840	33085
52.850	33087
52.860	33091
52.870	33086
52.880	33083
52.890	33083
52.900	33086
52.910	33088
52.920	33089
52.930	33092
52.940	33087
52.950	33089
52.960	33088
52.970	33092
52.980	33088
52.990	33092
53.000	33084
53.010	33087
53.020	33086
53.030	33086
53.040	33089
53.050	33087
53.060	33084
53.070	33088
53.080	33088
53.090	33090
53.100	33086
53.110	33088
53.120	33089
53.130	33085
53.140	33087
53.150	33088
53.160	33092
53.170	33087
53.180	33087
53.190	33086
53.200	33086
53.210	33090
53.220	33088
53.230	33090
53.240	33089
53.250	33089
53.260	33087
53.270	33086
53.280	33088
53.290	33090
53.300	33091
53.310	33092
53.320	33088
53.330	33091
53.340	33083
53.350	33090
53.360	33088
53.370	33091
53.380	33092
53.390	33090
53.400	33089
53.410	33090
53.420	33088
53.430	33091
53.440	33091
53.450	33089
53.460	33090
53.470	33092
53.480	33086
53.490	33088
53.500	33090
53.510	33089
53.520	33090
53.530	33086
53.540	33089
53.550	33090
53.560	33086
53.573	33086
53.580	33090
53.590	33089
53.600	33087
53.610	33087
53.620	33087
53.630	33092
53.640	33087
53.650	33083
53.660	33087
53.670	33087
53.680	33090
53.690	33087
53.700	33089
53.710	33088
53.720	33087
53.730	33087
53.740	33089
53.750	33091
53.760	33084
53.770	33089
53.780	33091
53.790	33089
53.800	33087
53.810	33088
53.820	33089
53.830	33085
53.840	33087
53.850	33090
53.860	33089
53.870	33092
53.880	33091
53.890	33085
53.900	33087
53.910	33084
53.920	33087
53.930	33087
53.940	33088
53.950	33090
53.960	33090
53.970	33086
53.980	33086
53.990	33089
54.000	33086
54.010	33088
54.020	33088
54.030	33085
54.040	33082
54.050	33083
54.060	33086
54.070	33086
54.080	33086
54.090	33087
54.100	33089
54.110	33088
54.120	33087
54.130	33085
54.140	33089
54.150	33084
54.160	33088
54.170	33086
54.180	33089
54.190	33089
54.200	33092
54.210	33089
54.220	33089
54.230	33090
54.240	33090
54.250	33088
54.260	33087
54.270	33090
54.280	33087
54.290	33088
54.300	33086
54.310	33088
54.320	33086
54.330	33083
54.340	33084
54.350	33084
54.360	33091
54.370	33089
54.380	33088
54.390	33086
54.400	33088
54.410	33086
54.420	33089
54.430	33087
54.440	33088
54.450	33082
54.460	33089
54.470	33088
54.480	33090
54.490	33089
54.500	33088
54.510	33090
54.520	33092
54.530	33087
54.540	33090
54.550	33087
54.560	33085
54.570	33086
54.580	33083
54.590	33085
54.600	33087
54.610	33086
54.620	33090
54.630	33086
54.640	33082
54.650	33088
54.660	33089
54.670	33089
54.680	33090
54.690	33090
54.700	33087
54.710	33086
54.720	33085
54.730	33085
54.740	33086
54.750	33086
54.760	33088
54.770	33084
54.780	33084
54.790	33085
54.800	33088
54.810	33089
54.820	33088
54.830	33086
54.840	33089
54.850	33088
54.860	33084
54.870	33088
54.880	33084
54.890	33087
54.900	33087
54.910	33089
54.920	33086
54.930	33091
54.940	33087
54.950	33084
54.960	33083
54.970	33088
54.980	33085
54.990	33087
55.000	33088
55.010	33088
55.020	33090
55.030	33090
55.040	33088
55.050	33090
55.060	33086
55.070	33085
55.080	33085
55.090	33088
55.100	33087
55.110	33088
55.120	33087
55.130	33087
55.140	33090
55.150	33090
55.160	33085
55.170	33089
55.180	33086
55.190	33088
55.200	33088
55.210	33083
55.220	33087
55.230	33086
55.240	33086
55.250	33088
55.260	33091
55.270	33091
55.280	33086
55.290	33092
55.300	33087
55.310	33087
55.320	33092
55.330	33087
55.340	33088
55.350	33087
55.360	33084
55.370	33091
55.380	33089
55.390	33088
55.400	33086
55.410	33089
55.420	33086
55.430	33086
55.440	33087
55.450	33086
55.460	33092
55.470	33091
55.480	33090
55.490	33087
55.500	33094
55.510	33084
55.520	33092
55.530	33089
55.540	33091
55.550	33085
55.560	33092
55.570	33089
55.580	33087
55.590	33088
55.600	33089
55.610	33089
55.620	33089
55.630	33087
55.640	33091
55.650	33090
55.660	33090
55.670	33088
55.680	33082
55.690	33091
55.700	33088
55.710	33086
55.720	33089
55.730	33088
55.740	33086
55.750	33088
55.760	33088
55.770	33087
55.780	33086
55.790	33091
55.800	33088
55.810	33088
55.820	33086
55.830	33088
55.840	33090
55.850	33089
55.860	33090
55.870	33088
55.880	33092
55.890	33086
55.900	33088
55.910	33083
55.920	33084
55.930	33088
55.940	33085
55.950	33088
55.960	33086
55.970	33089
55.980	33089
55.990	33090
56.000	33087
56.010	33089
56.020	33089
56.030	33087
56.040	33089
56.050	33085
56.060	33087
56.070	33091
56.080	33087
56.090	33090
56.100	33087
56.110	33087
56.120	33082
56.130	33091
56.140	33087
56.150	33088
56.160	33086
56.170	33087
56.180	33087
56.190	33089
56.200	33092
56.210	33093
56.220	33084
56.230	33089
56.240	33088
56.250	33090
56.260	33089
56.270	33090
56.280	33092
56.290	33088
56.300	33085
56.310	33086
56.320	33090
56.330	33086
56.340	33084
56.350	33084
56.360	33086
56.370	33084
56.380	33087
56.390	33089
56.400	33088
56.410	33086
56.420	33089
56.430	33090
56.440	33088
56.450	33086
56.460	33087
56.470	33089
56.480	33084
56.490	33084
56.500	33089
56.510	33088
56.520	33091
56.530	33087
56.540	33091
56.550	33087
56.560	33086
56.570	33084
56.580	33087
56.590	33093
56.600	33083
56.610	33088
56.620	33084
56.630	33087
56.640	33083
56.650	33080
56.660	33085
56.670	33089
56.680	33089
56.690	33086
56.700	33089
56.710	33088
56.720	33086
56.730	33087
56.740	33087
56.750	33090
56.760	33088
56.770	33091
56.780	33085
56.790	33088
56.800	33085
56.810	33086
56.820	33088
56.830	33090
56.840	33085
56.850	33084
56.860	33091
56.870	33087
56.880	33088
56.890	33089
56.900	33087
56.910	33084
56.920	33089
56.930	33090
56.940	33089
56.950	33084
56.960	33085
56.970	33086
56.980	33085
56.990	33084
57.000	33085
57.010	33084
57.020	33083
57.030	33083
57.040	33086
57.050	33087
57.060	33089
57.070	33086
57.081	33088
57.090	33088
57.100	33085
57.110	33090
57.120	33085
57.130	33082
57.140	33083
57.150	33086
57.160	33087
57.170	33086
57.189	33089
57.201	33087
57.210	33088
57.220	33084
57.230	33089
57.240	33086
57.250	33090
57.260	33091
57.270	33089
57.280	33086
57.290	33085
57.300	33088
57.310	33086
57.320	33083
57.330	33087
57.340	33085
57.350	33087
57.360	33087
57.370	33087
57.380	33086
57.390	33087
57.400	33090
57.410	33089
57.420	33089
57.430	33085
57.440	33090
57.450	33082
57.460	33090
57.470	33092
57.480	33091
57.490	33088
57.500	33084
57.510	33089
57.520	33086
57.530	33091
57.540	33090
57.550	33082
57.560	33086
57.570	33089
57.580	33086
57.590	33087
57.600	33086
57.610	33088
57.620	33084
57.630	33089
57.640	33084
57.650	33087
57.660	33089
57.671	33089
57.680	33087
57.690	33087
57.700	33087
57.710	33090
57.720	33087
57.730	33085
57.740	33085
57.750	33087
57.760	33086
57.770	33089
57.780	33083
57.790	33087
57.800	33083
57.810	33089
57.820	33086
57.831	33090
57.840	33092
57.850	33090
57.860	33082
57.870	33085
57.880	33088
57.890	33088
57.900	33086
57.910	33088
57.920	33088
57.930	33087
57.940	33089
57.950	33087
57.960	33091
57.970	33087
57.983	33086
57.990	33088
58.000	33088
58.010	33085
58.020	33088
58.030	33086
58.040	33088
58.050	33086
58.060	33088
58.070	33087
58.080	33086
58.090	33093
58.100	33087
58.110	33086
58.120	33084
58.130	33083
58.140	33085
58.150	33089
58.160	33089
58.170	33089
58.180	33083
58.190	33088
58.200	33089
58.210	33088
58.220	33089
58.230	33087
58.240	33091
58.250	33088
58.260	33091
58.270	33087
58.280	33089
58.290	33091
58.300	33085
58.310	33086
58.320	33088
58.332	33088
58.340	33084
58.350	33086
58.360	33086
58.370	33086
58.380	33090
58.390	33087
58.401	33091
58.410	33091
58.420	33091
58.430	33088
58.440	33089
58.450	33088
58.460	33088
58.473	33085
58.484	33089
58.490	33091
58.500	33086
58.510	33090
58.520	33085
58.530	33089
58.540	33085
58.550	33082
58.560	33089
58.570	33090
58.580	33089
58.590	33092
58.600	33090
58.610	33086
58.620	33090
58.630	33091
58.640	33084
58.650	33093
58.660	33085
58.670	33085
58.680	33090
58.690	33089
58.700	33092
58.710	33087
58.720	33090
58.730	33086
58.740	33085
58.750	33084
58.760	33085
58.770	33089
58.780	33089
58.790	33082
58.800	33087
58.810	33090
58.820	33091
58.830	33089
58.840	33085
58.850	33088
58.860	33087
58.870	33083
58.880	33086
58.890	33083
58.900	33087
58.910	33086
58.920	33090
58.930	33087
58.940	33089
58.950	33090
58.960	33085
58.970	33086
58.980	33085
58.990	33086
59.000	33086
59.010	33086
59.020	33087
59.030	33088
59.040	33088
59.050	33088
59.060	33089
59.070	33092
59.080	33088
59.090	33090
59.100	33083
59.110	33088
59.120	33087
59.130	33091
59.140	33088
59.150	33085
59.160	33086
59.170	33087
59.180	33086
59.190	33084
59.200	33089
59.210	33085
59.220	33086
59.230	33089
59.240	33088
59.250	33088
59.260	33084
59.270	33091
59.280	33090
59.290	33088
59.300	33086
59.310	33086
59.320	33082
59.330	33090
59.340	33089
59.350	33085
59.360	33089
59.370	33086
59.380	33084
59.390	33088
59.400	33087
59.410	33086
59.420	33088
59.430	33087
59.440	33086
59.450	33085
59.460	33087
59.470	33089
59.480	33090
59.490	33086
59.500	33090
59.510	33085
59.520	33089
59.530	33088
59.540	33082
59.550	33088
59.560	33090
59.570	33089
59.580	33083
59.590	33090
59.600	33089
59.610	33090
59.620	33087
59.630	33085
59.640	33087
59.650	33088
59.660	33084
59.670	33087
59.680	33088
59.690	33090
59.700	33087
59.710	33086
59.720	33086
59.730	33086
59.740	33089
59.750	33090
59.760	33084
59.770	33085
59.780	33085
59.790	33089
59.800	33088
59.810	33085
59.820	33085
59.830	33086
59.840	33089
59.850	33089
59.860	33090
59.870	33091
59.880	33089
59.890	33085
59.900	33088
59.910	33088
59.920	33094
59.930	33086
59.940	33087
59.950	33086
59.960	33084
59.970	33089
59.980	33089
59.990	33090
60.000	33091
60.010	33088
60.020	33086
60.030	33089
60.040	33082
60.050	33086
60.060	33092
60.070	33087
60.080	33085
60.090	33086
60.100	33089
60.110	33089
60.120	33089
60.130	33083
60.140	33087
60.150	33088
60.160	33087
60.170	33089
60.180	33090
60.190	33086
60.200	33086
60.210	33090
60.220	33085
60.230	33087
60.240	33086
60.250	33089
60.260	33085
60.270	33084
60.280	33085
60.290	33084
60.300	33088
60.314	33089
60.320	33085
60.330	33089
60.342	33090
60.350	33090
60.360	33087
60.370	33087
60.380	33090
60.390	33087
60.400	33090
60.410	33090
60.420	33088
60.430	33090
60.440	33088
60.450	33088
60.460	33087
60.470	33090
60.480	33088
60.490	33090
60.500	33085
60.510	33088
60.520	33085
60.530	33089
60.540	33090
60.550	33090
60.560	33090
60.570	33088
60.580	33088
60.590	33090
60.600	33089
60.610	33084
60.620	33085
60.630	33089
60.640	33087
60.650	33088
60.660	33088
60.670	33085
60.680	33085
60.690	33089
60.700	33085
60.710	33089
60.720	33087
60.730	33085
60.740	33085
60.750	33086
60.760	33086
60.770	33083
60.780	33087
60.790	33086
60.800	33089
60.810	33088
60.820	33084
60.830	33090
60.840	33084
60.850	33083
60.860	33088
60.870	33085
60.880	33088
60.890	33083
60.900	33087
60.910	33089
60.920	33091
60.930	33089
60.940	33086
60.950	33088
60.960	33084
60.970	33089
60.980	33087
60.990	33085
61.000	33086
61.010	33085
61.020	33091
61.030	33086
61.040	33089
61.050	33092
61.060	33088
61.070	33087
61.080	33086
61.090	33082
61.100	33089
61.110	33093
61.120	33087
61.130	33089
61.140	33086
61.150	33086
61.160	33088
61.170	33085
61.180	33085
61.190	33088
61.200	33089
61.210	33089
61.220	33087
61.230	33089
61.240	33087
61.250	33079
61.260	33086
61.270	33089
61.280	33087
61.290	33086
61.300	33088
61.310	33090
61.320	33087
61.331	33086
61.341	33089
61.350	33085
61.360	33087
61.370	33088
61.380	33087
61.390	33090
61.400	33089
61.410	33081
61.420	33083
61.430	33086
61.440	33090
61.450	33091
61.460	33091
61.470	33087
61.480	33088
61.490	33091
61.500	33088
61.510	33086
61.520	33088
61.530	33085
61.540	33091
61.550	33092
61.560	33090
61.570	33086
61.580	33087
61.590	33086
61.600	33084
61.610	33084
61.620	33086
61.630	33087
61.640	33089
61.650	33088
61.660	33092
61.670	33087
61.680	33084
61.690	33084
61.700	33085
61.710	33087
61.720	33085
61.730	33089
61.740	33086
61.750	33084
61.760	33089
61.770	33088
61.780	33082
61.790	33085
61.800	33086
61.810	33094
61.820	33085
61.830	33089
61.840	33087
61.850	33091
61.860	33091
61.870	33089
61.880	33087
61.890	33087
61.900	33086
61.910	33084
61.920	33089
61.930	33089
61.940	33087
61.950	33089
61.960	33089
61.970	33085
61.980	33085
61.990	33085
62.000	33086
62.010	33086
62.020	33089
62.030	33087
62.040	33089
62.050	33087
62.060	33088
62.070	33086
62.080	33089
62.090	33088
62.100	33086
62.110	33087
62.120	33090
62.130	33089
62.140	33090
62.150	33089
62.160	33087
62.170	33086
62.180	33085
62.190	33085
62.200	33091
62.210	33086
62.220	33083
62.230	33087
62.240	33085
62.250	33083
62.260	33087
62.270	33084
62.280	33084
62.290	33085
62.300	33089
62.310	33088
62.320	33086
62.330	33089
62.340	33090
62.350	33086
62.360	33090
62.370	33089
62.380	33082
62.390	33086
62.402	33087
62.410	33088
62.420	33085
62.430	33086
62.440	33089
62.450	33088
62.460	33087
62.470	33092
62.480	33088
62.490	33087
62.500	33087
62.510	33085
62.520	33088
62.530	33086
62.540	33085
62.550	33083
62.560	33089
62.570	33090
62.580	33089
62.590	33086
62.600	33090
62.610	33087
62.620	33088
62.630	33085
62.640	33088
62.650	33085
62.660	33089
62.670	33091
62.680	33089
62.690	33087
62.700	33087
62.710	33090
62.720	33090
62.730	33088
62.740	33089
62.750	33090
62.760	33091
62.770	33092
62.780	33090
62.790	33088
62.800	33085
62.810	33088
62.820	33090
62.830	33085
62.840	33088
62.850	33091
62.860	33086
62.870	33088
62.880	33094
62.890	33084
62.900	33088
62.910	33090
62.920	33085
62.930	33087
62.940	33087
62.950	33085
62.960	33091
62.970	33083
62.980	33090
62.990	33088
63.000	33088
63.010	33090
63.020	33089
63.030	33090
63.040	33089
63.050	33087
63.060	33091
63.070	33086
63.080	33087
63.090	33087
63.100	33091
63.110	33091
63.120	33088
63.130	33088
63.140	33090
63.150	33089
63.160	33091
63.170	33088
63.180	33088
63.190	33090
63.200	33089
63.210	33086
63.220	33089
63.230	33088
63.240	33088
63.250	33087
63.260	33088
63.270	33086
63.280	33088
63.290	33089
63.300	33089
63.310	33091
63.320	33090
63.330	33088
63.340	33087
63.350	33088
63.360	33087
63.370	33083
63.380	33087
63.390	33086
63.400	33088
63.410	33087
63.420	33091
63.430	33089
63.440	33087
63.450	33080
63.460	33084
63.470	33090
63.480	33089
63.490	33086
63.500	33090
63.510	33087
63.520	33089
63.530	33090
63.540	33087
63.550	33092
63.560	33088
63.570	33086
63.580	33087
63.590	33088
63.600	33084
63.610	33089
63.620	33088
63.630	33087
63.640	33082
63.650	33083
63.660	33091
63.670	33090
63.680	33089
63.690	33084
63.700	33087
63.710	33088
63.720	33086
63.730	33085
63.740	33089
63.750	33090
63.760	33089
63.770	33092
63.780	33089
63.790	33087
63.800	33091
63.810	33090
63.820	33090
63.830	33089
63.840	33088
63.850	33087
63.860	33087
63.870	33087
63.880	33088
63.890	33089
63.900	33088
63.910	33089
63.920	33084
63.930	33088
63.940	33088
63.950	33086
63.960	33091
63.970	33088
63.980	33088
63.990	33087
64.000	33089
64.010	33086
64.020	33090
64.030	33086
64.040	33086
64.050	33086
64.060	33085
64.070	33089
64.080	33088
64.090	33088
64.100	33086
64.110	33088
64.120	33091
64.130	33089
64.140	33088
64.150	33086
64.160	33087
64.170	33089
64.180	33087
64.190	33088
64.200	33084
64.210	33088
64.220	33087
64.230	33089
64.240	33088
64.250	33087
64.260	33083
64.270	33089
64.280	33087
64.290	33087
64.300	33090
64.310	33087
64.320	33087
64.330	33088
64.340	33087
64.350	33088
64.360	33085
64.370	33087
64.380	33082
64.390	33087
64.400	33089
64.412	33090
64.420	33083
64.430	33088
64.440	33087
64.450	33086
64.460	33086
64.470	33086
64.480	33089
64.490	33084
64.500	33083
64.510	33089
64.520	33087
64.530	33088
64.540	33090
64.550	33084
64.560	33088
64.570	33085
64.580	33088
64.590	33088
64.600	33088
64.610	33083
64.620	33088
64.630	33088
64.640	33086
64.650	33088
64.660	33090
64.670	33089
64.680	33083
64.690	33087
64.700	33088
64.710	33088
64.720	33088
64.730	33082
64.740	33087
64.750	33084
64.760	33083
64.770	33089
64.780	33088
64.790	33088
64.800	33088
64.810	33088
64.820	33087
64.830	33085
64.840	33088
64.850	33088
64.860	33087
64.870	33084
64.880	33082
64.890	33085
64.900	33087
64.910	33088
64.920	33087
64.930	33090
64.940	33089
64.950	33086
64.960	33088
64.970	33088
64.980	33088
64.990	33087
65.000	33086
65.010	33087
65.020	33090
65.030	33088
65.040	33089
65.050	33088
65.060	33089
65.070	33085
65.080	33084
65.090	33090
65.100	33089
65.110	33088
65.120	33089
65.130	33088
65.140	33087
65.150	33084
65.160	33088
65.170	33089
65.180	33088
65.190	33087
65.200	33087
65.210	33088
65.220	33089
65.230	33085
65.240	33089
65.250	33089
65.260	33089
65.270	33084
65.280	33090
65.290	33089
65.300	33086
65.310	33086
65.320	33086
65.330	33086
65.340	33086
65.350	33092
65.360	33087
65.370	33090
65.380	33082
65.390	33087
65.400	33088
65.410	33090
65.420	33087
65.430	33088
65.440	33092
65.450	33087
65.460	33090
65.470	33090
65.480	33086
65.490	33088
65.500	33089
65.510	33088
65.520	33089
65.530	33090
65.540	33085
65.550	33084
65.560	33091
65.570	33086
65.580	33089
65.590	33087
65.600	33085
65.610	33091
65.620	33089
65.630	33087
65.640	33090
65.650	33092
65.660	33085
65.670	33085
65.680	33089
65.690	33088
65.700	33087
65.710	33090
65.720	33088
65.730	33090
65.740	33091
65.750	33082
65.760	33087
65.770	33088
65.780	33088
65.790	33085
65.800	33084
65.810	33088
65.820	33085
65.830	33086
65.840	33090
65.850	33088
65.860	33086
65.870	33089
65.880	33089
65.890	33084
65.900	33090
65.910	33086
65.920	33089
65.930	33085
65.940	33086
65.950	33087
65.960	33086
